3: [86, 87, 86, 87, 66, 66, 42, 42, 42, 72] == [72] Changed {52}, Perturbations {3}
   [86, 87, 86, 87, 66, 66, 42, 42, 42, 72] -> [72] 0.507, [42] 0.219, [78] 0.023
   [86,  0, 86, 87, 66, 66,  1, 42, 42,  1] -> [ 1] 0.227, [15] 0.119, [72] 0.028
== [86, XX, 86, 87, 66, 66, XX, 42, 42, XX]
-> [- ,  0, - , - , - , - ,  1, - , - ,  1]

5: [87, 86, 87, 66, 66, 42, 42, 42, 72, 72] == [72] Changed {52}, Perturbations {3}
   [87, 86, 87, 66, 66, 42, 42, 42, 72, 72] -> [72] 0.496, [42] 0.228, [78] 0.023
   [87, 86, 87, 66, 66, 42,  1, 42,  1,  1] -> [ 1] 0.241, [15] 0.118, [72] 0.027
== [87, 86, 87, 66, 66, 42, XX, 42, XX, XX]
-> [- , - , - , - , - , - ,  1, - ,  1,  1]

12: [71, 71, 71, 71, 71, 71, 71, 71, 71, 76] == [79] Changed {52}, Perturbations {2}
    [71, 71, 71, 71, 71, 71, 71, 71, 71, 76] -> [79] 0.344, [71] 0.143, [77] 0.107
    [71, 71, 71, 71, 71, 71,  3, 71, 71,  4] -> [71] 0.214, [64] 0.078, [72] 0.072
 == [71, 71, 71, 71, 71, 71, XX, 71, 71, XX]
 -> [- , - , - , - , - , - ,  3, - , - ,  4]

29: [64, 64, 64, 64, 64, 57, 64, 72, 86, 87] == [86] Changed {52}, Perturbations {3}
    [64, 64, 64, 64, 64, 57, 64, 72, 86, 87] -> [86] 0.391, [66] 0.265, [87] 0.183
    [64, 64, 64, 64, 64,  0,  0,  0, 86, 87] -> [66] 0.375, [86] 0.271, [87] 0.218
 == [64, 64, 64, 64, 64, XX, XX, XX, 86, 87]
 -> [- , - , - , - , - ,  0,  0,  0, - , - ]

37: [64, 72, 86, 87, 86, 87, 87, 86, 87, 86] == [66] Changed {52}, Perturbations {3}
    [64, 72, 86, 87, 86, 87, 87, 86, 87, 86] -> [66] 0.378, [86] 0.293, [87] 0.212
    [64, 72,  0, 87,  0, 87, 87,  0, 87, 86] -> [86] 0.426, [66] 0.218, [87] 0.171
 == [64, 72, XX, 87, XX, 87, 87, XX, 87, 86]
 -> [- , - ,  0, - ,  0, - , - ,  0, - , - ]

73: [72, 72, 72, 42, 72, 72, 72, 72, 42, 86] == [87] Changed {52}, Perturbations {3}
    [72, 72, 72, 42, 72, 72, 72, 72, 42, 86] -> [87] 0.762, [86] 0.079, [72] 0.026
    [72, 72, 72, 42, 72, 72,  0, 72,  0,  4] -> [72] 0.442, [64] 0.036, [44] 0.022
 == [72, 72, 72, 42, 72, 72, XX, 72, XX, XX]
 -> [- , - , - , - , - , - ,  0, - ,  0,  4]

80: [66, 66, 72, 66, 66, 86, 87, 87, 86, 66] == [66] Changed {52}, Perturbations {3}
    [66, 66, 72, 66, 66, 86, 87, 87, 86, 66] -> [66] 0.654, [86] 0.094, [72] 0.057
    [66, 66, 72, 66, 66,  0, 87, 87,  0,  0] -> [ 0] 0.415, [86] 0.090, [72] 0.084
 == [66, 66, 72, 66, 66, XX, 87, 87, XX, XX]
 -> [- , - , - , - , - ,  0, - , - ,  0,  0]

81: [72, 72, 72, 72, 42, 86, 87, 87, 86, 66] == [66] Changed {52}, Perturbations {3}
    [72, 72, 72, 72, 42, 86, 87, 87, 86, 66] -> [66] 0.647, [86] 0.087, [72] 0.065
    [72, 72, 72, 72, 42,  0, 87, 87,  0,  0] -> [ 0] 0.362, [72] 0.119, [86] 0.089
 == [72, 72, 72, 72, 42, XX, 87, 87, XX, XX]
 -> [- , - , - , - , - ,  0, - , - ,  0,  0]

104: [72, 72, 72, 72, 72, 57, 58, 57, 57, 72] == [72] Changed {52}, Perturbations {3}
     [72, 72, 72, 72, 72, 57, 58, 57, 57, 72] -> [72] 0.609, [57] 0.084, [64] 0.074
     [ 0, 72, 72, 72, 72, 57,  0, 57, 57,  1] -> [ 1] 0.137, [15] 0.084, [72] 0.054
  == [XX, 72, 72, 72, 72, 57, XX, 57, 57, XX]
  -> [ 0, - , - , - , - , - ,  0, - , - ,  1]

111: [83, 83, 83, 83, 83, 83, 83, 83, 83, 72] == [72] Changed {52}, Perturbations {1}
     [83, 83, 83, 83, 83, 83, 83, 83, 83, 72] -> [72] 0.660, [83] 0.129, [64] 0.027
     [83, 83, 83, 83, 83, 83, 83, 83, 83,  1] -> [ 1] 0.164, [15] 0.065, [83] 0.060
  == [83, 83, 83, 83, 83, 83, 83, 83, 83, XX]
  -> [- , - , - , - , - , - , - , - , - ,  1]

178: [87, 66, 66,  2,  2,  2,  2,  2,  2,  2] == [2] Changed {52}, Perturbations {2}
     [87, 66, 66,  2,  2,  2,  2,  2,  2,  2] -> [ 2] 0.854, [72] 0.022, [ 0] 0.010
     [87,  5, 66,  2,  2,  2,  2,  2,  2,  0] -> [ 0] 0.663, [ 2] 0.063, [72] 0.045
  == [87, XX, 66,  2,  2,  2,  2,  2,  2, XX]
  -> [- ,  5, - , - , - , - , - , - , - ,  0]

181: [66, 66,  2,  2,  2,  2,  2,  2,  2,  2] == [2] Changed {52}, Perturbations {3}
     [66, 66,  2,  2,  2,  2,  2,  2,  2,  2] -> [ 2] 0.856, [72] 0.022, [ 0] 0.010
     [66, 66,  2,  2,  2,  2,  2,  0,  0,  0] -> [ 0] 0.788, [72] 0.035, [ 2] 0.020
  == [66, 66,  2,  2,  2,  2,  2, XX, XX, XX]
  -> [- , - , - , - , - , - , - ,  0,  0,  0]

183: [66,  2,  2,  2,  2,  2,  2,  2,  2,  2] == [2] Changed {52}, Perturbations {3}
     [66,  2,  2,  2,  2,  2,  2,  2,  2,  2] -> [ 2] 0.857, [72] 0.022, [ 0] 0.010
     [66,  2,  2,  2,  2,  2,  2,  0,  0,  0] -> [ 0] 0.788, [72] 0.035, [ 2] 0.020
  == [66,  2,  2,  2,  2,  2,  2, XX, XX, XX]
  -> [- , - , - , - , - , - , - ,  0,  0,  0]

205: [64, 64, 64, 64, 72, 72, 72, 72, 57, 57] == [57] Changed {52}, Perturbations {3}
     [64, 64, 64, 64, 72, 72, 72, 72, 57, 57] -> [57] 0.286, [64] 0.221, [72] 0.166
     [64, 64, 64, 64, 72, 72,  1, 72,  4,  4] -> [72] 0.326, [64] 0.142, [57] 0.022
  == [64, 64, 64, 64, 72, 72, XX, 72, XX, XX]
  -> [- , - , - , - , - , - ,  1, - ,  4,  4]

210: [87, 86, 66, 66, 72, 66, 66, 78, 78, 72] == [72] Changed {52}, Perturbations {2}
     [87, 86, 66, 66, 72, 66, 66, 78, 78, 72] -> [72] 0.616, [78] 0.114, [42] 0.030
     [87, 86, 66, 66, 72, 66,  1, 78, 78,  1] -> [ 1] 0.103, [15] 0.073, [72] 0.055
  == [87, 86, 66, 66, 72, 66, XX, 78, 78, XX]
  -> [- , - , - , - , - , - ,  1, - , - ,  1]

236: [83, 83, 83, 83, 83, 83, 83, 83, 44, 13] == [13] Changed {52}, Perturbations {2}
     [83, 83, 83, 83, 83, 83, 83, 83, 44, 13] -> [13] 0.472, [72] 0.077, [83] 0.021
     [83, 83, 83, 83, 83, 83,  0, 83, 44,  4] -> [72] 0.144, [83] 0.070, [64] 0.041
  == [83, 83, 83, 83, 83, 83, XX, 83, 44, XX]
  -> [- , - , - , - , - , - ,  0, - , - ,  4]

238: [72,  2,  2,  2,  2,  2,  2,  2,  2, 72] == [72] Changed {52}, Perturbations {3}
     [72,  2,  2,  2,  2,  2,  2,  2,  2, 72] -> [72] 0.660, [ 2] 0.090, [64] 0.025
     [ 0,  2,  2,  2,  2,  2,  2,  2,  1,  1] -> [ 1] 0.203, [15] 0.132, [ 2] 0.100
  == [XX,  2,  2,  2,  2,  2,  2,  2, XX, XX]
  -> [ 0, - , - , - , - , - , - , - ,  1,  1]

246: [ 2,  2,  2,  2,  2,  2, 72, 44, 44, 72] == [72] Changed {52}, Perturbations {2}
     [ 2,  2,  2,  2,  2,  2, 72, 44, 44, 72] -> [72] 0.517, [44] 0.228, [ 2] 0.041
     [ 2,  2,  2,  2,  2,  2,  0, 44, 44,  1] -> [ 1] 0.108, [15] 0.096, [ 2] 0.066
  == [ 2,  2,  2,  2,  2,  2, XX, 44, 44, XX]
  -> [- , - , - , - , - , - ,  0, - , - ,  1]

261: [15, 15, 15,  0,  0, 29, 29,  2,  2, 17] == [17] Changed {52}, Perturbations {3}
     [15, 15, 15,  0,  0, 29, 29,  2,  2, 17] -> [17] 0.694, [16] 0.026, [ 0] 0.023
     [15,  0,  0,  0,  0, 29, 29,  2,  2,  0] -> [ 0] 0.692, [ 2] 0.048, [72] 0.044
  == [15, XX, XX,  0,  0, 29, 29,  2,  2, XX]
  -> [- ,  0,  0, - , - , - , - , - , - ,  0]

275: [17, 17, 17, 17, 16, 17, 17, 17, 17, 16] == [16] Changed {52}, Perturbations {2}
     [17, 17, 17, 17, 16, 17, 17, 17, 17, 16] -> [16] 0.427, [17] 0.254, [72] 0.021
     [17, 17, 17, 17,  0, 17, 17, 17, 17,  1] -> [17] 0.137, [ 1] 0.127, [15] 0.099
  == [17, 17, 17, 17, XX, 17, 17, 17, 17, XX]
  -> [- , - , - , - ,  0, - , - , - , - ,  1]

284: [ 2,  2,  2,  2,  2,  2,  2,  2, 72, 72] == [72] Changed {52}, Perturbations {2}
     [ 2,  2,  2,  2,  2,  2,  2,  2, 72, 72] -> [72] 0.588, [ 2] 0.150, [64] 0.025
     [ 2,  2,  2,  2,  2,  2,  2,  2,  0,  1] -> [ 1] 0.143, [15] 0.130, [ 2] 0.120
  == [ 2,  2,  2,  2,  2,  2,  2,  2, XX, XX]
  -> [- , - , - , - , - , - , - , - ,  0,  1]

291: [72, 72, 72, 72, 42, 42, 42, 87, 86, 86] == [87] Changed {52}, Perturbations {3}
     [72, 72, 72, 72, 42, 42, 42, 87, 86, 86] -> [87] 0.760, [86] 0.097, [66] 0.027
     [72, 72, 72, 72, 42, 42,  1, 87,  4,  4] -> [86] 0.152, [72] 0.141, [66] 0.063
  == [72, 72, 72, 72, 42, 42, XX, 87, XX, XX]
  -> [- , - , - , - , - , - ,  1, - ,  4,  4]

295: [17, 17, 17, 44, 72, 87, 86, 86, 87, 66] == [66] Changed {52}, Perturbations {3}
     [17, 17, 17, 44, 72, 87, 86, 86, 87, 66] -> [66] 0.739, [72] 0.048, [86] 0.043
     [17, 17, 17, 44, 72, 87,  1,  0, 87,  0] -> [ 0] 0.467, [72] 0.078, [86] 0.059
  == [17, 17, 17, 44, 72, 87, XX, XX, 87, XX]
  -> [- , - , - , - , - , - ,  1,  0, - ,  0]

334: [66, 66, 86, 87, 86, 87, 66, 66, 44, 44] == [72] Changed {52}, Perturbations {3}
     [66, 66, 86, 87, 86, 87, 66, 66, 44, 44] -> [72] 0.231, [66] 0.224, [44] 0.223
     [ 1,  1, 86, 87, 86, 87,  1, 66, 44, 44] -> [66] 0.214, [44] 0.194, [72] 0.189
  == [XX, XX, 86, 87, 86, 87, XX, 66, 44, 44]
  -> [ 1,  1, - , - , - , - ,  1, - , - , - ]

351: [ 0, 29, 29,  2,  2, 17, 17, 17, 17, 15] == [15] Changed {52}, Perturbations {3}
     [ 0, 29, 29,  2,  2, 17, 17, 17, 17, 15] -> [15] 0.594, [72] 0.038, [ 2] 0.034
     [ 0,  0,  0,  2,  2, 17, 17, 17, 17,  3] -> [ 3] 0.415, [17] 0.082, [72] 0.033
  == [ 0, XX, XX,  2,  2, 17, 17, 17, 17, XX]
  -> [- ,  0,  0, - , - , - , - , - , - ,  3]

367: [87, 86, 87, 66, 66, 42, 42, 42, 42, 72] == [72] Changed {52}, Perturbations {2}
     [87, 86, 87, 66, 66, 42, 42, 42, 42, 72] -> [72] 0.524, [42] 0.225, [78] 0.021
     [87, 86, 87, 66, 66, 42,  1, 42, 42,  1] -> [ 1] 0.222, [15] 0.114, [42] 0.031
  == [87, 86, 87, 66, 66, 42, XX, 42, 42, XX]
  -> [- , - , - , - , - , - ,  1, - , - ,  1]

394: [15, 15, 15, 15, 15, 44, 44, 86, 87, 86] == [87] Changed {52}, Perturbations {3}
     [15, 15, 15, 15, 15, 44, 44, 86, 87, 86] -> [87] 0.336, [86] 0.271, [66] 0.252
     [15, 15, 15, 15, 15,  0,  0,  0, 87, 86] -> [86] 0.307, [66] 0.306, [87] 0.214
  == [15, 15, 15, 15, 15, XX, XX, XX, 87, 86]
  -> [- , - , - , - , - ,  0,  0,  0, - , - ]

407: [86, 87, 86, 87, 66, 66, 87, 86, 87, 86] == [66] Changed {52}, Perturbations {3}
     [86, 87, 86, 87, 66, 66, 87, 86, 87, 86] -> [66] 0.407, [86] 0.275, [87] 0.209
     [ 0, 87,  0, 87, 66, 66, 87,  0, 87, 86] -> [86] 0.375, [66] 0.280, [87] 0.180
  == [XX, 87, XX, 87, 66, 66, 87, XX, 87, 86]
  -> [ 0, - ,  0, - , - , - , - ,  0, - , - ]

462: [44, 72, 44, 72, 72, 72, 72, 72, 72, 64] == [64] Changed {52}, Perturbations {3}
     [44, 72, 44, 72, 72, 72, 72, 72, 72, 64] -> [64] 0.537, [72] 0.289, [57] 0.020
     [44, 72, 44, 72,  5, 72,  1, 72,  0, 64] -> [72] 0.480, [64] 0.329, [57] 0.021
  == [44, 72, 44, 72, XX, 72, XX, 72, XX, 64]
  -> [- , - , - , - ,  5, - ,  1, - ,  0, - ]

467: [89, 89, 89, 89, 89, 89, 72, 72, 64, 64] == [64] Changed {52}, Perturbations {3}
     [89, 89, 89, 89, 89, 89, 72, 72, 64, 64] -> [64] 0.536, [72] 0.308, [57] 0.020
     [89, 89, 89, 89, 89,  0,  0, 72,  0, 64] -> [72] 0.488, [64] 0.326, [57] 0.022
  == [89, 89, 89, 89, 89, XX, XX, 72, XX, 64]
  -> [- , - , - , - , - ,  0,  0, - ,  0, - ]

526: [84, 82, 84, 84, 84, 84, 84, 84, 84, 72] == [72] Changed {52}, Perturbations {2}
     [84, 82, 84, 84, 84, 84, 84, 84, 84, 72] -> [72] 0.631, [84] 0.144, [64] 0.034
     [84, 82, 84, 84, 84, 84,  0, 84, 84,  1] -> [ 1] 0.220, [15] 0.103, [72] 0.036
  == [84, 82, 84, 84, 84, 84, XX, 84, 84, XX]
  -> [- , - , - , - , - , - ,  0, - , - ,  1]

543: [87, 86, 87, 86, 66, 66, 42, 42, 42, 72] == [72] Changed {52}, Perturbations {2}
     [87, 86, 87, 86, 66, 66, 42, 42, 42, 72] -> [72] 0.508, [42] 0.224, [78] 0.023
     [87, 86, 87, 86, 66, 66,  1, 42, 42,  1] -> [ 1] 0.227, [15] 0.116, [72] 0.028
  == [87, 86, 87, 86, 66, 66, XX, 42, 42, XX]
  -> [- , - , - , - , - , - ,  1, - , - ,  1]

559: [57, 58, 64, 64, 64, 86, 87, 87, 86, 86] == [87] Changed {52}, Perturbations {3}
     [57, 58, 64, 64, 64, 86, 87, 87, 86, 86] -> [87] 0.742, [86] 0.102, [66] 0.030
     [57, 58, 64, 64, 64,  0, 87, 87,  4,  4] -> [86] 0.149, [72] 0.082, [64] 0.073
  == [57, 58, 64, 64, 64, XX, 87, 87, XX, XX]
  -> [- , - , - , - , - ,  0, - , - ,  4,  4]

591: [66, 66, 66,  2,  2,  2,  2,  2,  2,  2] == [2] Changed {52}, Perturbations {1}
     [66, 66, 66,  2,  2,  2,  2,  2,  2,  2] -> [ 2] 0.855, [72] 0.022, [ 0] 0.010
     [66, 66, 66,  2,  2,  2,  2,  2,  2,  0] -> [ 0] 0.654, [ 2] 0.069, [72] 0.046
  == [66, 66, 66,  2,  2,  2,  2,  2,  2, XX]
  -> [- , - , - , - , - , - , - , - , - ,  0]

598: [ 2,  2,  2,  2,  2,  2,  2,  2, 64, 72] == [72] Changed {52}, Perturbations {1}
     [ 2,  2,  2,  2,  2,  2,  2,  2, 64, 72] -> [72] 0.419, [64] 0.162, [ 2] 0.161
     [ 2,  2,  2,  2,  2,  2,  2,  2, 64,  1] -> [ 1] 0.170, [15] 0.114, [ 2] 0.082
  == [ 2,  2,  2,  2,  2,  2,  2,  2, 64, XX]
  -> [- , - , - , - , - , - , - , - , - ,  1]

607: [ 2,  2,  2,  2,  2,  2,  2,  2,  2, 15] == [15] Changed {52}, Perturbations {1}
     [ 2,  2,  2,  2,  2,  2,  2,  2,  2, 15] -> [15] 0.652, [ 2] 0.060, [72] 0.036
     [ 2,  2,  2,  2,  2,  2,  2,  2,  2,  2] -> [ 2] 0.859, [72] 0.021, [ 0] 0.010
  == [ 2,  2,  2,  2,  2,  2,  2,  2,  2, XX]
  -> [- , - , - , - , - , - , - , - , - ,  2]

608: [ 2,  2,  2,  2,  2,  2,  2,  2, 15, 15] == [15] Changed {52}, Perturbations {2}
     [ 2,  2,  2,  2,  2,  2,  2,  2, 15, 15] -> [15] 0.690, [ 2] 0.046, [72] 0.033
     [ 2,  2,  2,  2,  2,  2,  2,  2,  4,  2] -> [ 2] 0.833, [72] 0.024, [ 0] 0.011
  == [ 2,  2,  2,  2,  2,  2,  2,  2, XX, XX]
  -> [- , - , - , - , - , - , - , - ,  4,  2]

611: [ 2,  2,  2,  2,  2,  2,  2, 15, 15, 15] == [15] Changed {52}, Perturbations {3}
     [ 2,  2,  2,  2,  2,  2,  2, 15, 15, 15] -> [15] 0.751, [72] 0.027, [ 2] 0.026
     [ 2,  2,  2,  2,  2,  2,  2,  4,  4,  2] -> [ 2] 0.812, [72] 0.027, [ 0] 0.012
  == [ 2,  2,  2,  2,  2,  2,  2, XX, XX, XX]
  -> [- , - , - , - , - , - , - ,  4,  4,  2]

634: [15, 15, 15, 15, 15, 15, 15, 15, 15, 87] == [86] Changed {52}, Perturbations {2}
     [15, 15, 15, 15, 15, 15, 15, 15, 15, 87] -> [86] 0.608, [87] 0.072, [66] 0.060
     [15, 15, 15, 15, 15, 15, 15, 15,  1,  1] -> [15] 0.277, [ 1] 0.268, [ 2] 0.026
  == [15, 15, 15, 15, 15, 15, 15, 15, XX, XX]
  -> [- , - , - , - , - , - , - , - ,  1,  1]

694: [64, 64, 64, 64, 72, 72, 64, 64, 15, 15] == [15] Changed {52}, Perturbations {2}
     [64, 64, 64, 64, 72, 72, 64, 64, 15, 15] -> [15] 0.604, [64] 0.085, [72] 0.057
     [64, 64, 64, 64, 72, 72, 64, 64,  4,  4] -> [64] 0.344, [72] 0.137, [57] 0.028
  == [64, 64, 64, 64, 72, 72, 64, 64, XX, XX]
  -> [- , - , - , - , - , - , - , - ,  4,  4]

696: [64, 64, 64, 72, 72, 64, 64, 15, 15, 15] == [15] Changed {52}, Perturbations {3}
     [64, 64, 64, 72, 72, 64, 64, 15, 15, 15] -> [15] 0.684, [64] 0.055, [72] 0.041
     [64, 64, 64, 72, 72, 64, 64,  3,  4,  4] -> [64] 0.193, [72] 0.109, [57] 0.027
  == [64, 64, 64, 72, 72, 64, 64, XX, XX, XX]
  -> [- , - , - , - , - , - , - ,  3,  4,  4]

720: [64, 64, 64, 64, 64, 64, 72,  2,  2, 57] == [57] Changed {52}, Perturbations {2}
     [64, 64, 64, 64, 64, 64, 72,  2,  2, 57] -> [57] 0.272, [64] 0.238, [58] 0.160
     [64, 64, 64, 64, 64, 64, 72,  1,  2,  4] -> [64] 0.154, [72] 0.088, [ 2] 0.035
  == [64, 64, 64, 64, 64, 64, 72, XX,  2, XX]
  -> [- , - , - , - , - , - , - ,  1, - ,  4]

770: [64, 64, 64, 64, 64, 64, 64, 64, 40, 23] == [40] Changed {52}, Perturbations {2}
     [64, 64, 64, 64, 64, 64, 64, 64, 40, 23] -> [40] 0.672, [23] 0.042, [64] 0.037
     [64, 64, 64, 64, 64, 64, 64, 64,  4,  4] -> [64] 0.428, [72] 0.079, [57] 0.028
  == [64, 64, 64, 64, 64, 64, 64, 64, XX, XX]
  -> [- , - , - , - , - , - , - , - ,  4,  4]

772: [64, 64, 64, 64, 64, 64, 64, 40, 23, 40] == [40] Changed {52}, Perturbations {3}
     [64, 64, 64, 64, 64, 64, 64, 40, 23, 40] -> [40] 0.763, [23] 0.039, [72] 0.032
     [64, 64, 64, 64, 64, 64, 64,  5,  4,  5] -> [64] 0.330, [72] 0.075, [57] 0.038
  == [64, 64, 64, 64, 64, 64, 64, XX, XX, XX]
  -> [- , - , - , - , - , - , - ,  5,  4,  5]

797: [40, 72, 40, 40, 40, 40, 40, 40, 40, 72] == [72] Changed {52}, Perturbations {2}
     [40, 72, 40, 40, 40, 40, 40, 40, 40, 72] -> [72] 0.397, [40] 0.274, [78] 0.025
     [40,  0, 40, 40, 40, 40, 40, 40, 40,  1] -> [40] 0.177, [ 1] 0.125, [15] 0.057
  == [40, XX, 40, 40, 40, 40, 40, 40, 40, XX]
  -> [- ,  0, - , - , - , - , - , - , - ,  1]

811: [66, 66, 15, 15, 15, 15, 15, 15, 15, 87] == [86] Changed {52}, Perturbations {2}
     [66, 66, 15, 15, 15, 15, 15, 15, 15, 87] -> [86] 0.601, [87] 0.072, [66] 0.062
     [66, 66, 15, 15, 15, 15, 15, 15,  1,  1] -> [15] 0.266, [ 1] 0.261, [ 2] 0.026
  == [66, 66, 15, 15, 15, 15, 15, 15, XX, XX]
  -> [- , - , - , - , - , - , - , - ,  1,  1]

817: [42, 42, 42, 72, 72, 42, 42, 87, 86, 86] == [87] Changed {52}, Perturbations {3}
     [42, 42, 42, 72, 72, 42, 42, 87, 86, 86] -> [87] 0.746, [86] 0.101, [66] 0.026
     [42, 42, 42, 72, 72, 42,  1, 87,  4,  4] -> [72] 0.148, [42] 0.107, [86] 0.101
  == [42, 42, 42, 72, 72, 42, XX, 87, XX, XX]
  -> [- , - , - , - , - , - ,  1, - ,  4,  4]

831: [86, 87, 72, 66, 66, 86, 87, 86, 87, 66] == [66] Changed {52}, Perturbations {3}
     [86, 87, 72, 66, 66, 86, 87, 86, 87, 66] -> [66] 0.713, [87] 0.057, [86] 0.054
     [86,  0, 72, 66, 66, 86, 87, 86,  0,  0] -> [ 0] 0.627, [72] 0.062, [ 2] 0.023
  == [86, XX, 72, 66, 66, 86, 87, 86, XX, XX]
  -> [- ,  0, - , - , - , - , - , - ,  0,  0]

836: [13, 13, 13, 13, 13, 13, 13, 72, 84, 86] == [87] Changed {52}, Perturbations {3}
     [13, 13, 13, 13, 13, 13, 13, 72, 84, 86] -> [87] 0.679, [86] 0.084, [72] 0.033
     [13, 13, 13, 13, 13, 13, 13,  4,  0,  4] -> [72] 0.088, [64] 0.031, [ 2] 0.023
  == [13, 13, 13, 13, 13, 13, 13, XX, XX, XX]
  -> [- , - , - , - , - , - , - ,  4,  0,  4]

878: [64, 64, 64, 64, 64, 64, 64, 64, 15, 15] == [15] Changed {52}, Perturbations {2}
     [64, 64, 64, 64, 64, 64, 64, 64, 15, 15] -> [15] 0.581, [64] 0.114, [72] 0.049
     [64, 64, 64, 64, 64, 64, 64, 64,  4,  4] -> [64] 0.428, [72] 0.079, [57] 0.028
  == [64, 64, 64, 64, 64, 64, 64, 64, XX, XX]
  -> [- , - , - , - , - , - , - , - ,  4,  4]

880: [64, 64, 64, 64, 64, 64, 64, 15, 15, 15] == [15] Changed {52}, Perturbations {3}
     [64, 64, 64, 64, 64, 64, 64, 15, 15, 15] -> [15] 0.673, [64] 0.065, [72] 0.038
     [64, 64, 64, 64, 64, 64, 64,  4,  4,  4] -> [64] 0.263, [72] 0.085, [57] 0.025
  == [64, 64, 64, 64, 64, 64, 64, XX, XX, XX]
  -> [- , - , - , - , - , - , - ,  4,  4,  4]

921: [21, 20, 21, 21, 21, 20, 21, 20, 21, 20] == [21] Changed {52}, Perturbations {3}
     [21, 20, 21, 21, 21, 20, 21, 20, 21, 20] -> [21] 0.474, [20] 0.375, [24] 0.008
     [21,  0, 21, 21, 21,  3, 21,  3, 21, 20] -> [20] 0.558, [21] 0.062, [24] 0.056
  == [21, XX, 21, 21, 21, XX, 21, XX, 21, 20]
  -> [- ,  0, - , - , - ,  3, - ,  3, - , - ]

922: [64, 64, 64, 64, 64, 72, 64, 20, 21, 20] == [21] Changed {52}, Perturbations {3}
     [64, 64, 64, 64, 64, 72, 64, 20, 21, 20] -> [21] 0.277, [20] 0.236, [64] 0.121
     [64, 64, 64, 64, 64, 72, 64,  4,  0,  0] -> [ 0] 0.647, [72] 0.071, [ 2] 0.021
  == [64, 64, 64, 64, 64, 72, 64, XX, XX, XX]
  -> [- , - , - , - , - , - , - ,  4,  0,  0]

926: [66, 86, 87, 86, 87, 66, 66, 42, 42, 72] == [72] Changed {52}, Perturbations {2}
     [66, 86, 87, 86, 87, 66, 66, 42, 42, 72] -> [72] 0.466, [42] 0.251, [78] 0.026
     [66, 86,  1, 86, 87, 66, 66, 42, 42,  1] -> [ 1] 0.220, [15] 0.117, [72] 0.029
  == [66, 86, XX, 86, 87, 66, 66, 42, 42, XX]
  -> [- , - ,  1, - , - , - , - , - , - ,  1]

937: [ 2,  2,  2,  2, 15, 15, 15, 15, 15,  9] == [9] Changed {52}, Perturbations {3}
     [ 2,  2,  2,  2, 15, 15, 15, 15, 15,  9] -> [ 9] 0.509, [72] 0.076, [15] 0.075
     [ 2,  2,  2,  2,  0, 15, 15, 15,  4,  0] -> [ 0] 0.647, [72] 0.049, [ 2] 0.035
  == [ 2,  2,  2,  2, XX, 15, 15, 15, XX, XX]
  -> [- , - , - , - ,  0, - , - , - ,  4,  0]

944: [89, 89, 89, 89, 89, 89, 72, 24, 72, 72] == [72] Changed {52}, Perturbations {2}
     [89, 89, 89, 89, 89, 89, 72, 24, 72, 72] -> [72] 0.478, [24] 0.304, [64] 0.067
     [89, 89, 89, 89, 89, 89,  1, 24,  1, 72] -> [24] 0.444, [72] 0.242, [64] 0.047
  == [89, 89, 89, 89, 89, 89, XX, 24, XX, 72]
  -> [- , - , - , - , - , - ,  1, - ,  1, - ]

977: [15, 44, 72,  9,  9,  9,  9,  9,  9, 72] == [72] Changed {52}, Perturbations {3}
     [15, 44, 72,  9,  9,  9,  9,  9,  9, 72] -> [72] 0.651, [ 9] 0.053, [44] 0.035
     [15,  0, 72,  9,  9,  9,  9,  9,  1,  1] -> [ 1] 0.198, [15] 0.157, [72] 0.034
  == [15, XX, 72,  9,  9,  9,  9,  9, XX, XX]
  -> [- ,  0, - , - , - , - , - , - ,  1,  1]

incorrect=345 changed=522 perturbed=57 timeout=76