3: [86, 87, 86, 87, 66, 66, 42, 42, 42, 72] == [72] Changed {52}, Perturbations {3}
   [86, 87, 86, 87, 66, 66, 42, 42, 42, 72] -> [72] 0.507, [42] 0.219, [78] 0.023
   [86,  0, 86, 87, 66, 66,  1, 42, 42,  1] -> [ 1] 0.227, [15] 0.119, [72] 0.028
== [86, XX, 86, 87, 66, 66, XX, 42, 42, XX]
-> [- ,  0, - , - , - , - ,  1, - , - ,  1]

5: [87, 86, 87, 66, 66, 42, 42, 42, 72, 72] == [72] Changed {52}, Perturbations {3}
   [87, 86, 87, 66, 66, 42, 42, 42, 72, 72] -> [72] 0.496, [42] 0.228, [78] 0.023
   [87, 86, 87, 66, 66, 42,  1, 42,  1,  1] -> [ 1] 0.241, [15] 0.118, [72] 0.027
== [87, 86, 87, 66, 66, 42, XX, 42, XX, XX]
-> [- , - , - , - , - , - ,  1, - ,  1,  1]

incorrect=2 changed=6 perturbed=2 timeout=0