0:  [71, 71, 71, 71, 71, 71, 71, 71, 71, 71] == [71] Changed {52}, Perturbations {10}
    [71, 71, 71, 71, 71, 71, 71, 71, 71, 71] -> [71] 0.821, [64] 0.047, [72] 0.020
    [ 0,  0,  0,  0,  0,  0,  0,  0,  0,  0] -> [ 0] 0.812, [72] 0.033, [ 2] 0.015
 == [XX, XX, XX, XX, XX, XX, XX, XX, XX, XX]
 -> [ 0,  0,  0,  0,  0,  0,  0,  0,  0,  0]

2:  [72, 72, 72, 72, 72, 85, 72, 72, 72, 72] == [72] Changed {52}, Perturbations {9}
    [72, 72, 72, 72, 72, 85, 72, 72, 72, 72] -> [72] 0.827, [64] 0.022, [44] 0.016
    [ 1,  1,  1,  1,  1, 85,  4,  1,  1,  1] -> [ 1] 0.359, [15] 0.125, [ 2] 0.019
 == [XX, XX, XX, XX, XX, 85, XX, XX, XX, XX]
 -> [ 1,  1,  1,  1,  1, - ,  4,  1,  1,  1]

3:  [86, 87, 86, 87, 66, 66, 42, 42, 42, 72] == [72] Changed {52}, Perturbations {2}
    [86, 87, 86, 87, 66, 66, 42, 42, 42, 72] -> [72] 0.508, [42] 0.219, [78] 0.023
    [86, 87, 86, 87, 66, 66,  1, 42, 42,  1] -> [ 1] 0.234, [15] 0.118, [72] 0.027
 == [86, 87, 86, 87, 66, 66, XX, 42, 42, XX]
 -> [- , - , - , - , - , - ,  1, - , - ,  1]

4:  [72, 72, 72, 72, 85, 72, 72, 72, 72, 72] == [72] Changed {52}, Perturbations {9}
    [72, 72, 72, 72, 85, 72, 72, 72, 72, 72] -> [72] 0.860, [64] 0.019, [44] 0.014
    [ 2,  2,  2,  2, 85,  2,  2,  2,  2,  2] -> [ 2] 0.858, [72] 0.021, [ 0] 0.010
 == [XX, XX, XX, XX, 85, XX, XX, XX, XX, XX]
 -> [ 2,  2,  2,  2, - ,  2,  2,  2,  2,  2]

5:  [87, 86, 87, 66, 66, 42, 42, 42, 72, 72] == [72] Changed {52}, Perturbations {2}
    [87, 86, 87, 66, 66, 42, 42, 42, 72, 72] -> [72] 0.496, [42] 0.226, [78] 0.024
    [87, 86, 87, 66, 66, 42,  1, 42, 72,  1] -> [ 1] 0.234, [15] 0.118, [72] 0.037
 == [87, 86, 87, 66, 66, 42, XX, 42, 72, XX]
 -> [- , - , - , - , - , - ,  1, - , - ,  1]

6:  [72, 72, 72, 85, 72, 72, 72, 72, 72, 72] == [72] Changed {52}, Perturbations {9}
    [72, 72, 72, 85, 72, 72, 72, 72, 72, 72] -> [72] 0.853, [64] 0.020, [44] 0.014
    [ 2,  2,  4, 85,  4,  2,  4,  2,  2,  2] -> [ 2] 0.853, [72] 0.022, [ 0] 0.011
 == [XX, XX, XX, 85, XX, XX, XX, XX, XX, XX]
 -> [ 2,  2,  4, - ,  4,  2,  4,  2,  2,  2]

7:  [86, 87, 66, 66, 42, 42, 42, 72, 72, 72] == [72] Changed {52}, Perturbations {4}
    [86, 87, 66, 66, 42, 42, 42, 72, 72, 72] -> [72] 0.609, [42] 0.108, [86] 0.022
    [86, 87,  1,  1, 42, 42, 42,  1, 72,  1] -> [ 1] 0.264, [15] 0.119, [72] 0.032
 == [86, 87, XX, XX, 42, 42, 42, XX, 72, XX]
 -> [- , - ,  1,  1, - , - , - ,  1, - ,  1]

8:  [72, 72, 85, 72, 72, 72, 72, 72, 72, 72] == [72] Changed {52}, Perturbations {9}
    [72, 72, 85, 72, 72, 72, 72, 72, 72, 72] -> [72] 0.859, [64] 0.019, [44] 0.014
    [ 2,  2, 85,  2,  2,  2,  4,  2,  2,  2] -> [ 2] 0.856, [72] 0.022, [ 0] 0.010
 == [XX, XX, 85, XX, XX, XX, XX, XX, XX, XX]
 -> [ 2,  2, - ,  2,  2,  2,  4,  2,  2,  2]

10:  [72, 85, 72, 72, 72, 72, 72, 72, 72, 72] == [72] Changed {52}, Perturbations {9}
     [72, 85, 72, 72, 72, 72, 72, 72, 72, 72] -> [72] 0.856, [64] 0.020, [44] 0.014
     [ 2, 85,  2,  2,  4,  2,  4,  2,  2,  2] -> [ 2] 0.855, [72] 0.022, [ 0] 0.010
  == [XX, 85, XX, XX, XX, XX, XX, XX, XX, XX]
  -> [ 2, - ,  2,  2,  4,  2,  4,  2,  2,  2]

12:  [71, 71, 71, 71, 71, 71, 71, 71, 71, 76] == [79] Changed {52}, Perturbations {2}
     [71, 71, 71, 71, 71, 71, 71, 71, 71, 76] -> [79] 0.344, [71] 0.142, [77] 0.107
     [71, 71, 71, 71, 71, 71,  3, 71, 71,  4] -> [71] 0.215, [64] 0.078, [72] 0.072
  == [71, 71, 71, 71, 71, 71, XX, 71, 71, XX]
  -> [- , - , - , - , - , - ,  3, - , - ,  4]

15:  [71, 71, 71, 71, 71, 71, 71, 79, 76, 77] == [71] Changed {52}, Perturbations {8}
     [71, 71, 71, 71, 71, 71, 71, 79, 76, 77] -> [71] 0.213, [79] 0.160, [77] 0.134
     [ 0,  0,  0,  0,  0,  0,  0, 79,  0, 77] -> [79] 0.168, [77] 0.123, [74] 0.080
  == [XX, XX, XX, XX, XX, XX, XX, 79, XX, 77]
  -> [ 0,  0,  0,  0,  0,  0,  0, - ,  0, - ]

16:  [71, 71, 71, 71, 71, 71, 71, 76, 79, 77] == [71] Changed {52}, Perturbations {9}
     [71, 71, 71, 71, 71, 71, 71, 76, 79, 77] -> [71] 0.232, [79] 0.163, [77] 0.130
     [ 0,  0,  0,  0,  0,  0,  0,  0,  0, 77] -> [79] 0.126, [77] 0.111, [74] 0.044
  == [XX, XX, XX, XX, XX, XX, XX, XX, XX, 77]
  -> [ 0,  0,  0,  0,  0,  0,  0,  0,  0, - ]

17:  [72, 72, 72, 72, 72, 72, 72, 72, 72, 72] == [72] Changed {52}, Perturbations {10}
     [72, 72, 72, 72, 72, 72, 72, 72, 72, 72] -> [72] 0.865, [64] 0.019, [44] 0.013
     [ 2,  2,  2,  2,  2,  2,  2,  2,  2,  2] -> [ 2] 0.859, [72] 0.021, [ 0] 0.010
  == [XX, XX, XX, XX, XX, XX, XX, XX, XX, XX]
  -> [ 2,  2,  2,  2,  2,  2,  2,  2,  2,  2]

19:  [85, 72, 72, 72, 72, 72, 72, 72, 72, 72] == [72] Changed {80}, Perturbations {9}
     [85, 72, 72, 72, 72, 72, 72, 72, 72, 72] -> [72] 0.842, [64] 0.021, [44] 0.015
51 [85,  4,  4,  1,  1,  1,  1,  1,  1,  4] -> [72] 0.054, [ 1] 0.046, [15] 0.035
     [85,  4,  4,  1,  1,  1,  1,  1,  1,  1] -> [ 1] 0.360, [15] 0.129, [ 2] 0.020
  == [85, XX, XX, XX, XX, XX, XX, XX, XX, XX]
  -> [- ,  4,  4,  1,  1,  1,  1,  1,  1,  1]

22:  [66, 66, 29, 29, 29, 29, 29, 29, 72, 86] == [87] Changed {52}, Perturbations {4}
     [66, 66, 29, 29, 29, 29, 29, 29, 72, 86] -> [87] 0.687, [86] 0.084, [72] 0.034
     [66, 66,  5,  5, 29, 29, 29, 29,  2,  4] -> [72] 0.085, [ 2] 0.051, [64] 0.035
  == [66, 66, XX, XX, 29, 29, 29, 29, XX, XX]
  -> [- , - ,  5,  5, - , - , - , - ,  2,  4]

23:  [64, 64, 64, 64, 64, 64, 57, 64, 72, 86] == [87] Changed {52}, Perturbations {6}
     [64, 64, 64, 64, 64, 64, 57, 64, 72, 86] -> [87] 0.813, [86] 0.058, [72] 0.013
     [64,  5,  5, 64,  5, 64, 57,  6,  0,  4] -> [64] 0.124, [72] 0.095, [57] 0.026
  == [64, XX, XX, 64, XX, 64, 57, XX, XX, XX]
  -> [- ,  5,  5, - ,  5, - , - ,  6,  0,  4]

24:  [64, 64, 57, 64, 72, 86, 87, 86, 87, 87] == [86] Changed {52}, Perturbations {5}
     [64, 64, 57, 64, 72, 86, 87, 86, 87, 87] -> [86] 0.751, [87] 0.089, [66] 0.053
     [11, 11, 57, 10, 72, 86, 87, 86,  1,  1] -> [ 1] 0.178, [15] 0.085, [87] 0.030
  == [XX, XX, 57, XX, 72, 86, 87, 86, XX, XX]
  -> [11, 11, - , 10, - , - , - , - ,  1,  1]

25:  [29, 29, 29, 29, 29, 72, 86, 87, 87, 86] == [86] Changed {52}, Perturbations {5}
     [29, 29, 29, 29, 29, 72, 86, 87, 87, 86] -> [86] 0.465, [66] 0.212, [87] 0.169
     [29, 29, 29,  7,  5, 10, 86, 11,  1, 86] -> [87] 0.629, [86] 0.077, [66] 0.019
  == [29, 29, 29, XX, XX, XX, 86, XX, XX, 86]
  -> [- , - , - ,  7,  5, 10, - , 11,  1, - ]

26:  [64, 64, 64, 57, 64, 72, 86, 87, 86, 87] == [87] Changed {52}, Perturbations {9}
     [64, 64, 64, 57, 64, 72, 86, 87, 86, 87] -> [87] 0.366, [86] 0.245, [66] 0.239
     [ 5,  5,  5, 57,  5,  4,  4,  4,  4,  0] -> [ 0] 0.601, [72] 0.065, [ 2] 0.027
  == [XX, XX, XX, 57, XX, XX, XX, XX, XX, XX]
  -> [ 5,  5,  5, - ,  5,  4,  4,  4,  4,  0]

27:  [29, 29, 29, 29, 72, 86, 87, 87, 86, 86] == [87] Changed {52}, Perturbations {6}
     [29, 29, 29, 29, 72, 86, 87, 87, 86, 86] -> [87] 0.757, [86] 0.100, [66] 0.032
     [ 4,  5,  2, 29, 72,  0, 87, 87,  4,  4] -> [86] 0.190, [72] 0.086, [66] 0.061
  == [XX, XX, XX, 29, 72, XX, 87, 87, XX, XX]
  -> [ 4,  5,  2, - , - ,  0, - , - ,  4,  4]

28:  [29, 29, 29, 29, 29, 29, 72, 86, 87, 87] == [86] Changed {52}, Perturbations {4}
     [29, 29, 29, 29, 29, 29, 72, 86, 87, 87] -> [86] 0.755, [87] 0.086, [66] 0.051
     [11, 11, 29, 29, 29, 29, 72, 86,  8,  7] -> [72] 0.085, [87] 0.038, [64] 0.027
  == [XX, XX, 29, 29, 29, 29, 72, 86, XX, XX]
  -> [11, 11, - , - , - , - , - , - ,  8,  7]

29:  [64, 64, 64, 64, 64, 57, 64, 72, 86, 87] == [86] Changed {52}, Perturbations {3}
     [64, 64, 64, 64, 64, 57, 64, 72, 86, 87] -> [86] 0.388, [66] 0.267, [87] 0.183
     [64, 64, 64, 64, 64,  0,  0,  0, 86, 87] -> [66] 0.373, [86] 0.274, [87] 0.216
  == [64, 64, 64, 64, 64, XX, XX, XX, 86, 87]
  -> [- , - , - , - , - ,  0,  0,  0, - , - ]

33:  [29, 29, 72, 86, 87, 87, 86, 86, 87, 87] == [86] Changed {52}, Perturbations {5}
     [29, 29, 72, 86, 87, 87, 86, 86, 87, 87] -> [86] 0.765, [87] 0.088, [66] 0.052
     [ 5, 29, 10, 86, 10, 87, 86, 86,  8,  7] -> [87] 0.074, [72] 0.067, [86] 0.051
  == [XX, 29, XX, 86, XX, 87, 86, 86, XX, XX]
  -> [ 5, - , 10, - , 10, - , - , - ,  8,  7]

35:  [29, 29, 29, 72, 86, 87, 87, 86, 86, 87] == [87] Changed {52}, Perturbations {7}
     [29, 29, 29, 72, 86, 87, 87, 86, 86, 87] -> [87] 0.341, [66] 0.282, [86] 0.248
     [29, 29, 29,  4,  4,  4,  4,  4,  4,  0] -> [ 0] 0.614, [72] 0.061, [ 2] 0.028
  == [29, 29, 29, XX, XX, XX, XX, XX, XX, XX]
  -> [- , - , - ,  4,  4,  4,  4,  4,  4,  0]

37:  [64, 72, 86, 87, 86, 87, 87, 86, 87, 86] == [66] Changed {52}, Perturbations {3}
     [64, 72, 86, 87, 86, 87, 87, 86, 87, 86] -> [66] 0.373, [86] 0.298, [87] 0.211
     [64, 72,  0, 87,  0, 87, 87,  0, 87, 86] -> [86] 0.425, [66] 0.218, [87] 0.171
  == [64, 72, XX, 87, XX, 87, 87, XX, 87, 86]
  -> [- , - ,  0, - ,  0, - , - ,  0, - , - ]

38:  [72, 86, 87, 87, 86, 86, 87, 87, 86, 66] == [66] Changed {52}, Perturbations {6}
     [72, 86, 87, 87, 86, 86, 87, 87, 86, 66] -> [66] 0.698, [86] 0.067, [72] 0.054
     [72,  0,  0,  0, 86,  0, 87, 87,  0,  0] -> [ 0] 0.457, [72] 0.079, [86] 0.071
  == [72, XX, XX, XX, 86, XX, 87, 87, XX, XX]
  -> [- ,  0,  0,  0, - ,  0, - , - ,  0,  0]

39:  [72, 86, 87, 86, 87, 87, 86, 87, 86, 66] == [66] Changed {52}, Perturbations {7}
     [72, 86, 87, 86, 87, 87, 86, 87, 86, 66] -> [66] 0.664, [86] 0.073, [72] 0.067
     [72,  0,  0,  0,  0, 87,  0, 87,  0,  0] -> [ 0] 0.501, [72] 0.076, [86] 0.058
  == [72, XX, XX, XX, XX, 87, XX, 87, XX, XX]
  -> [- ,  0,  0,  0,  0, - ,  0, - ,  0,  0]

44:  [87, 86, 86, 87, 87, 86, 66, 66, 72, 66] == [66] Changed {52}, Perturbations {7}
     [87, 86, 86, 87, 87, 86, 66, 66, 72, 66] -> [66] 0.759, [72] 0.060, [86] 0.023
     [87,  0,  0,  0,  0,  0, 66,  0, 72,  0] -> [ 0] 0.766, [72] 0.048, [ 2] 0.016
  == [87, XX, XX, XX, XX, XX, 66, XX, 72, XX]
  -> [- ,  0,  0,  0,  0,  0, - ,  0, - ,  0]

45:  [86, 87, 87, 86, 87, 86, 66, 66, 72, 66] == [66] Changed {52}, Perturbations {6}
     [86, 87, 87, 86, 87, 86, 66, 66, 72, 66] -> [66] 0.762, [72] 0.059, [86] 0.023
     [ 0, 87, 87,  0,  0,  0, 66,  0, 72,  0] -> [ 0] 0.769, [72] 0.047, [ 2] 0.016
  == [XX, 87, 87, XX, XX, XX, 66, XX, 72, XX]
  -> [ 0, - , - ,  0,  0,  0, - ,  0, - ,  0]

46:  [89, 89, 89, 89, 89, 89, 89, 89, 89, 72] == [72] Changed {52}, Perturbations {5}
     [89, 89, 89, 89, 89, 89, 89, 89, 89, 72] -> [72] 0.743, [64] 0.085, [24] 0.027
     [89, 89, 89, 89, 89,  1,  1,  1,  1,  1] -> [ 1] 0.364, [15] 0.129, [ 2] 0.019
  == [89, 89, 89, 89, 89, XX, XX, XX, XX, XX]
  -> [- , - , - , - , - ,  1,  1,  1,  1,  1]

47:  [89, 89, 89, 89, 89, 89, 89, 64, 72, 72] == [72] Changed {57}, Perturbations {2}
     [89, 89, 89, 89, 89, 89, 89, 64, 72, 72] -> [72] 0.588, [64] 0.270, [57] 0.015
51 [89, 89, 89, 89, 89, 89,  0, 64,  1, 72] -> [72] 0.390, [64] 0.388, [57] 0.021
     [89, 89, 89, 89, 89, 89,  0, 64,  1, 72] -> [64] 0.392, [72] 0.390, [57] 0.021
  == [89, 89, 89, 89, 89, 89, XX, 64, XX, 72]
  -> [- , - , - , - , - , - ,  0, - ,  1, - ]

50:  [72, 42, 42, 42, 42, 22, 22, 42, 42, 42] == [42] Changed {52}, Perturbations {7}
     [72, 42, 42, 42, 42, 22, 22, 42, 42, 42] -> [42] 0.685, [72] 0.120, [22] 0.055
     [72,  0,  0,  0,  0, 22, 22,  0,  4,  0] -> [ 0] 0.739, [72] 0.046, [ 2] 0.019
  == [72, XX, XX, XX, XX, 22, 22, XX, XX, XX]
  -> [- ,  0,  0,  0,  0, - , - ,  0,  4,  0]

55:  [42, 42, 72, 72, 72, 72, 42, 72, 72, 72] == [72] Changed {52}, Perturbations {7}
     [42, 42, 72, 72, 72, 72, 42, 72, 72, 72] -> [72] 0.780, [42] 0.045, [64] 0.022
     [42, 42,  1,  1,  1,  1, 42,  1,  1,  1] -> [ 1] 0.349, [15] 0.136, [ 2] 0.020
  == [42, 42, XX, XX, XX, XX, 42, XX, XX, XX]
  -> [- , - ,  1,  1,  1,  1, - ,  1,  1,  1]

65:  [72, 72, 72, 72, 72, 72, 72, 57, 58, 57] == [57] Changed {52}, Perturbations {7}
     [72, 72, 72, 72, 72, 72, 72, 57, 58, 57] -> [57] 0.364, [58] 0.231, [72] 0.138
     [72,  5,  4,  4, 10, 72, 72,  4,  4,  4] -> [72] 0.207, [64] 0.043, [86] 0.024
  == [72, XX, XX, XX, XX, 72, 72, XX, XX, XX]
  -> [- ,  5,  4,  4, 10, - , - ,  4,  4,  4]

68:  [88, 88, 88, 88, 88, 88, 88, 88, 88, 88] == [88] Changed {52}, Perturbations {10}
     [88, 88, 88, 88, 88, 88, 88, 88, 88, 88] -> [88] 0.893, [44] 0.002, [24] 0.002
     [ 4,  4,  4,  4,  4,  4,  4,  4,  4,  4] -> [72] 0.081, [64] 0.044, [ 2] 0.022
  == [XX, XX, XX, XX, XX, XX, XX, XX, XX, XX]
  -> [ 4,  4,  4,  4,  4,  4,  4,  4,  4,  4]

72:  [86, 87, 87, 86, 66, 66, 72, 66, 66, 86] == [87] Changed {52}, Perturbations {8}
     [86, 87, 87, 86, 66, 66, 72, 66, 66, 86] -> [87] 0.750, [86] 0.087, [66] 0.043
     [ 4,  5,  5, 86,  0,  0, 72,  4,  4,  4] -> [72] 0.097, [64] 0.040, [86] 0.025
  == [XX, XX, XX, 86, XX, XX, 72, XX, XX, XX]
  -> [ 4,  5,  5, - ,  0,  0, - ,  4,  4,  4]

73:  [72, 72, 72, 42, 72, 72, 72, 72, 42, 86] == [87] Changed {52}, Perturbations {3}
     [72, 72, 72, 42, 72, 72, 72, 72, 42, 86] -> [87] 0.760, [86] 0.080, [72] 0.026
     [72, 72, 72, 42, 72, 72,  1, 72,  0,  4] -> [72] 0.446, [64] 0.036, [44] 0.022
  == [72, 72, 72, 42, 72, 72, XX, 72, XX, XX]
  -> [- , - , - , - , - , - ,  1, - ,  0,  4]

74:  [72, 42, 72, 72, 72, 72, 42, 86, 87, 87] == [86] Changed {52}, Perturbations {7}
     [72, 42, 72, 72, 72, 72, 42, 86, 87, 87] -> [86] 0.769, [87] 0.081, [66] 0.047
     [11, 42, 11, 10,  8, 72,  1, 86,  8,  7] -> [72] 0.118, [87] 0.038, [64] 0.028
  == [XX, 42, XX, XX, XX, 72, XX, 86, XX, XX]
  -> [11, - , 11, 10,  8, - ,  1, - ,  8,  7]

75:  [87, 86, 66, 66, 72, 66, 66, 86, 87, 87] == [86] Changed {52}, Perturbations {7}
     [87, 86, 66, 66, 72, 66, 66, 86, 87, 87] -> [86] 0.774, [87] 0.084, [66] 0.049
     [ 6, 86,  6,  6, 72,  1,  1, 86,  8,  7] -> [72] 0.083, [87] 0.041, [64] 0.028
  == [XX, 86, XX, XX, 72, XX, XX, 86, XX, XX]
  -> [ 6, - ,  6,  6, - ,  1,  1, - ,  8,  7]

80:  [66, 66, 72, 66, 66, 86, 87, 87, 86, 66] == [66] Changed {52}, Perturbations {3}
     [66, 66, 72, 66, 66, 86, 87, 87, 86, 66] -> [66] 0.653, [86] 0.094, [72] 0.057
     [66, 66, 72, 66, 66,  0, 87, 87,  0,  0] -> [ 0] 0.423, [86] 0.087, [72] 0.084
  == [66, 66, 72, 66, 66, XX, 87, 87, XX, XX]
  -> [- , - , - , - , - ,  0, - , - ,  0,  0]

81:  [72, 72, 72, 72, 42, 86, 87, 87, 86, 66] == [66] Changed {52}, Perturbations {3}
     [72, 72, 72, 72, 42, 86, 87, 87, 86, 66] -> [66] 0.652, [86] 0.085, [72] 0.064
     [72, 72, 72, 72, 42,  0, 87, 87,  0,  0] -> [ 0] 0.353, [72] 0.120, [86] 0.093
  == [72, 72, 72, 72, 42, XX, 87, 87, XX, XX]
  -> [- , - , - , - , - ,  0, - , - ,  0,  0]

82:  [72, 66, 66, 86, 87, 87, 86, 66, 66, 87] == [86] Changed {52}, Perturbations {5}
     [72, 66, 66, 86, 87, 87, 86, 66, 66, 87] -> [86] 0.645, [66] 0.127, [87] 0.081
     [ 0, 66, 66, 86,  0, 87, 86,  1,  7,  4] -> [72] 0.069, [64] 0.030, [86] 0.027
  == [XX, 66, 66, 86, XX, 87, 86, XX, XX, XX]
  -> [ 0, - , - , - ,  0, - , - ,  1,  7,  4]

83:  [72, 72, 42, 86, 87, 87, 86, 66, 66, 87] == [86] Changed {52}, Perturbations {6}
     [72, 72, 42, 86, 87, 87, 86, 66, 66, 87] -> [86] 0.646, [66] 0.124, [87] 0.082
     [13,  5, 42, 86,  0, 87, 86,  1,  7,  4] -> [72] 0.067, [86] 0.031, [64] 0.029
  == [XX, XX, 42, 86, XX, 87, 86, XX, XX, XX]
  -> [13,  5, - , - ,  0, - , - ,  1,  7,  4]

88:  [42, 86, 87, 87, 86, 66, 66, 87, 86, 86] == [87] Changed {52}, Perturbations {6}
     [42, 86, 87, 87, 86, 66, 66, 87, 86, 86] -> [87] 0.805, [86] 0.082, [66] 0.025
     [42,  5,  5,  2,  2, 66, 66, 87,  4,  4] -> [86] 0.180, [66] 0.092, [72] 0.078
  == [42, XX, XX, XX, XX, 66, 66, 87, XX, XX]
  -> [- ,  5,  5,  2,  2, - , - , - ,  4,  4]

89:  [66, 86, 87, 87, 86, 66, 66, 87, 86, 86] == [87] Changed {52}, Perturbations {4}
     [66, 86, 87, 87, 86, 66, 66, 87, 86, 86] -> [87] 0.808, [86] 0.081, [66] 0.025
     [66, 86,  5,  2, 86, 66, 66, 87,  0,  4] -> [86] 0.217, [66] 0.087, [72] 0.078
  == [66, 86, XX, XX, 86, 66, 66, 87, XX, XX]
  -> [- , - ,  5,  2, - , - , - , - ,  0,  4]

91:  [87, 87, 86, 66, 66, 87, 86, 86, 87, 66] == [66] Changed {52}, Perturbations {7}
     [87, 87, 86, 66, 66, 87, 86, 86, 87, 66] -> [66] 0.765, [86] 0.042, [72] 0.039
     [ 0,  0,  0,  0, 66, 87,  0,  0, 87,  0] -> [ 0] 0.535, [72] 0.067, [86] 0.051
  == [XX, XX, XX, XX, 66, 87, XX, XX, 87, XX]
  -> [ 0,  0,  0,  0, - , - ,  0,  0, - ,  0]

94:  [87, 86, 87, 86, 66, 66, 72, 66, 66, 78] == [78] Changed {52}, Perturbations {6}
     [87, 86, 87, 86, 66, 66, 72, 66, 66, 78] -> [78] 0.571, [72] 0.092, [42] 0.079
     [ 5, 86,  5, 86,  1,  1, 72, 66,  4,  4] -> [72] 0.101, [66] 0.059, [86] 0.041
  == [XX, 86, XX, 86, XX, XX, 72, 66, XX, XX]
  -> [ 5, - ,  5, - ,  1,  1, - , - ,  4,  4]

95:  [86, 66, 66, 87, 86, 86, 87, 66, 66, 78] == [78] Changed {52}, Perturbations {4}
     [86, 66, 66, 87, 86, 86, 87, 66, 66, 78] -> [78] 0.334, [66] 0.137, [72] 0.118
     [86,  5,  5,  2, 86, 86, 87, 66, 66,  4] -> [66] 0.250, [72] 0.111, [86] 0.068
  == [86, XX, XX, XX, 86, 86, 87, 66, 66, XX]
  -> [- ,  5,  5,  2, - , - , - , - , - ,  4]

incorrect=46 changed=0 perturbed=48 timeout=6