0: [71, 71, 71, 71, 71, 71, 71, 71, 71, 71] == [71] Changed {52}, Perturbations {10}
   [71, 71, 71, 71, 71, 71, 71, 71, 71, 71] -> [71] 0.821, [64] 0.047, [72] 0.020
   [ 0,  0,  0,  0,  0,  0,  0,  0,  0,  0] -> [ 0] 0.812, [72] 0.033, [ 2] 0.015
== [XX, XX, XX, XX, XX, XX, XX, XX, XX, XX]
-> [ 0,  0,  0,  0,  0,  0,  0,  0,  0,  0]

2: [72, 72, 72, 72, 72, 85, 72, 72, 72, 72] == [72] Changed {52}, Perturbations {9}
   [72, 72, 72, 72, 72, 85, 72, 72, 72, 72] -> [72] 0.827, [64] 0.022, [44] 0.016
   [ 1,  1,  1,  1,  1, 85,  4,  1,  1,  1] -> [ 1] 0.359, [15] 0.125, [ 2] 0.019
== [XX, XX, XX, XX, XX, 85, XX, XX, XX, XX]
-> [ 1,  1,  1,  1,  1, - ,  4,  1,  1,  1]

3: [86, 87, 86, 87, 66, 66, 42, 42, 42, 72] == [72] Changed {52}, Perturbations {2}
   [86, 87, 86, 87, 66, 66, 42, 42, 42, 72] -> [72] 0.508, [42] 0.219, [78] 0.023
   [86, 87, 86, 87, 66, 66,  1, 42, 42,  1] -> [ 1] 0.234, [15] 0.118, [72] 0.027
== [86, 87, 86, 87, 66, 66, XX, 42, 42, XX]
-> [- , - , - , - , - , - ,  1, - , - ,  1]

4: [72, 72, 72, 72, 85, 72, 72, 72, 72, 72] == [72] Changed {52}, Perturbations {9}
   [72, 72, 72, 72, 85, 72, 72, 72, 72, 72] -> [72] 0.860, [64] 0.019, [44] 0.014
   [ 2,  2,  2,  2, 85,  2,  2,  2,  2,  2] -> [ 2] 0.858, [72] 0.021, [ 0] 0.010
== [XX, XX, XX, XX, 85, XX, XX, XX, XX, XX]
-> [ 2,  2,  2,  2, - ,  2,  2,  2,  2,  2]

5: [87, 86, 87, 66, 66, 42, 42, 42, 72, 72] == [72] Changed {52}, Perturbations {2}
   [87, 86, 87, 66, 66, 42, 42, 42, 72, 72] -> [72] 0.496, [42] 0.226, [78] 0.024
   [87, 86, 87, 66, 66, 42,  1, 42, 72,  1] -> [ 1] 0.234, [15] 0.118, [72] 0.037
== [87, 86, 87, 66, 66, 42, XX, 42, 72, XX]
-> [- , - , - , - , - , - ,  1, - , - ,  1]

6: [72, 72, 72, 85, 72, 72, 72, 72, 72, 72] == [72] Changed {52}, Perturbations {9}
   [72, 72, 72, 85, 72, 72, 72, 72, 72, 72] -> [72] 0.853, [64] 0.020, [44] 0.014
   [ 2,  2,  4, 85,  4,  2,  4,  2,  2,  2] -> [ 2] 0.853, [72] 0.022, [ 0] 0.011
== [XX, XX, XX, 85, XX, XX, XX, XX, XX, XX]
-> [ 2,  2,  4, - ,  4,  2,  4,  2,  2,  2]

7: [86, 87, 66, 66, 42, 42, 42, 72, 72, 72] == [72] Changed {52}, Perturbations {4}
   [86, 87, 66, 66, 42, 42, 42, 72, 72, 72] -> [72] 0.609, [42] 0.108, [86] 0.022
   [86, 87,  1,  1, 42, 42, 42,  1, 72,  1] -> [ 1] 0.264, [15] 0.119, [72] 0.032
== [86, 87, XX, XX, 42, 42, 42, XX, 72, XX]
-> [- , - ,  1,  1, - , - , - ,  1, - ,  1]

8: [72, 72, 85, 72, 72, 72, 72, 72, 72, 72] == [72] Changed {52}, Perturbations {9}
   [72, 72, 85, 72, 72, 72, 72, 72, 72, 72] -> [72] 0.859, [64] 0.019, [44] 0.014
   [ 2,  2, 85,  2,  2,  2,  4,  2,  2,  2] -> [ 2] 0.856, [72] 0.022, [ 0] 0.010
== [XX, XX, 85, XX, XX, XX, XX, XX, XX, XX]
-> [ 2,  2, - ,  2,  2,  2,  4,  2,  2,  2]

10: [72, 85, 72, 72, 72, 72, 72, 72, 72, 72] == [72] Changed {52}, Perturbations {9}
    [72, 85, 72, 72, 72, 72, 72, 72, 72, 72] -> [72] 0.856, [64] 0.020, [44] 0.014
    [ 2, 85,  2,  2,  4,  2,  4,  2,  2,  2] -> [ 2] 0.855, [72] 0.022, [ 0] 0.010
 == [XX, 85, XX, XX, XX, XX, XX, XX, XX, XX]
 -> [ 2, - ,  2,  2,  4,  2,  4,  2,  2,  2]

12: [71, 71, 71, 71, 71, 71, 71, 71, 71, 76] == [79] Changed {52}, Perturbations {2}
    [71, 71, 71, 71, 71, 71, 71, 71, 71, 76] -> [79] 0.344, [71] 0.142, [77] 0.107
    [71, 71, 71, 71, 71, 71,  3, 71, 71,  4] -> [71] 0.215, [64] 0.078, [72] 0.072
 == [71, 71, 71, 71, 71, 71, XX, 71, 71, XX]
 -> [- , - , - , - , - , - ,  3, - , - ,  4]

15: [71, 71, 71, 71, 71, 71, 71, 79, 76, 77] == [71] Changed {52}, Perturbations {8}
    [71, 71, 71, 71, 71, 71, 71, 79, 76, 77] -> [71] 0.213, [79] 0.160, [77] 0.134
    [ 0,  0,  0,  0,  0,  0,  0, 79,  0, 77] -> [79] 0.168, [77] 0.123, [74] 0.080
 == [XX, XX, XX, XX, XX, XX, XX, 79, XX, 77]
 -> [ 0,  0,  0,  0,  0,  0,  0, - ,  0, - ]

16: [71, 71, 71, 71, 71, 71, 71, 76, 79, 77] == [71] Changed {52}, Perturbations {9}
    [71, 71, 71, 71, 71, 71, 71, 76, 79, 77] -> [71] 0.232, [79] 0.163, [77] 0.130
    [ 0,  0,  0,  0,  0,  0,  0,  0,  0, 77] -> [79] 0.126, [77] 0.111, [74] 0.044
 == [XX, XX, XX, XX, XX, XX, XX, XX, XX, 77]
 -> [ 0,  0,  0,  0,  0,  0,  0,  0,  0, - ]

17: [72, 72, 72, 72, 72, 72, 72, 72, 72, 72] == [72] Changed {52}, Perturbations {10}
    [72, 72, 72, 72, 72, 72, 72, 72, 72, 72] -> [72] 0.865, [64] 0.019, [44] 0.013
    [ 2,  2,  2,  2,  2,  2,  2,  2,  2,  2] -> [ 2] 0.859, [72] 0.021, [ 0] 0.010
 == [XX, XX, XX, XX, XX, XX, XX, XX, XX, XX]
 -> [ 2,  2,  2,  2,  2,  2,  2,  2,  2,  2]

19: [85, 72, 72, 72, 72, 72, 72, 72, 72, 72] == [72] Changed {80}, Perturbations {9}
    [85, 72, 72, 72, 72, 72, 72, 72, 72, 72] -> [72] 0.842, [64] 0.021, [44] 0.015
51  [85,  4,  4,  1,  1,  1,  1,  1,  1,  4] -> [72] 0.054, [ 1] 0.046, [15] 0.035
    [85,  4,  4,  1,  1,  1,  1,  1,  1,  1] -> [ 1] 0.360, [15] 0.129, [ 2] 0.020
 == [85, XX, XX, XX, XX, XX, XX, XX, XX, XX]
 -> [- ,  4,  4,  1,  1,  1,  1,  1,  1,  1]

22: [66, 66, 29, 29, 29, 29, 29, 29, 72, 86] == [87] Changed {52}, Perturbations {4}
    [66, 66, 29, 29, 29, 29, 29, 29, 72, 86] -> [87] 0.687, [86] 0.084, [72] 0.034
    [66, 66,  5,  5, 29, 29, 29, 29,  2,  4] -> [72] 0.085, [ 2] 0.051, [64] 0.035
 == [66, 66, XX, XX, 29, 29, 29, 29, XX, XX]
 -> [- , - ,  5,  5, - , - , - , - ,  2,  4]

23: [64, 64, 64, 64, 64, 64, 57, 64, 72, 86] == [87] Changed {52}, Perturbations {6}
    [64, 64, 64, 64, 64, 64, 57, 64, 72, 86] -> [87] 0.813, [86] 0.058, [72] 0.013
    [64,  5,  5, 64,  5, 64, 57,  6,  0,  4] -> [64] 0.124, [72] 0.095, [57] 0.026
 == [64, XX, XX, 64, XX, 64, 57, XX, XX, XX]
 -> [- ,  5,  5, - ,  5, - , - ,  6,  0,  4]

24: [64, 64, 57, 64, 72, 86, 87, 86, 87, 87] == [86] Changed {52}, Perturbations {5}
    [64, 64, 57, 64, 72, 86, 87, 86, 87, 87] -> [86] 0.751, [87] 0.089, [66] 0.053
    [11, 11, 57, 10, 72, 86, 87, 86,  1,  1] -> [ 1] 0.178, [15] 0.085, [87] 0.030
 == [XX, XX, 57, XX, 72, 86, 87, 86, XX, XX]
 -> [11, 11, - , 10, - , - , - , - ,  1,  1]

25: [29, 29, 29, 29, 29, 72, 86, 87, 87, 86] == [86] Changed {52}, Perturbations {5}
    [29, 29, 29, 29, 29, 72, 86, 87, 87, 86] -> [86] 0.465, [66] 0.212, [87] 0.169
    [29, 29, 29,  7,  5, 10, 86, 11,  1, 86] -> [87] 0.629, [86] 0.077, [66] 0.019
 == [29, 29, 29, XX, XX, XX, 86, XX, XX, 86]
 -> [- , - , - ,  7,  5, 10, - , 11,  1, - ]

26: [64, 64, 64, 57, 64, 72, 86, 87, 86, 87] == [87] Changed {52}, Perturbations {9}
    [64, 64, 64, 57, 64, 72, 86, 87, 86, 87] -> [87] 0.366, [86] 0.245, [66] 0.239
    [ 5,  5,  5, 57,  5,  4,  4,  4,  4,  0] -> [ 0] 0.601, [72] 0.065, [ 2] 0.027
 == [XX, XX, XX, 57, XX, XX, XX, XX, XX, XX]
 -> [ 5,  5,  5, - ,  5,  4,  4,  4,  4,  0]

27: [29, 29, 29, 29, 72, 86, 87, 87, 86, 86] == [87] Changed {52}, Perturbations {6}
    [29, 29, 29, 29, 72, 86, 87, 87, 86, 86] -> [87] 0.757, [86] 0.100, [66] 0.032
    [ 4,  5,  2, 29, 72,  0, 87, 87,  4,  4] -> [86] 0.190, [72] 0.086, [66] 0.061
 == [XX, XX, XX, 29, 72, XX, 87, 87, XX, XX]
 -> [ 4,  5,  2, - , - ,  0, - , - ,  4,  4]

28: [29, 29, 29, 29, 29, 29, 72, 86, 87, 87] == [86] Changed {52}, Perturbations {4}
    [29, 29, 29, 29, 29, 29, 72, 86, 87, 87] -> [86] 0.755, [87] 0.086, [66] 0.051
    [11, 11, 29, 29, 29, 29, 72, 86,  8,  7] -> [72] 0.085, [87] 0.038, [64] 0.027
 == [XX, XX, 29, 29, 29, 29, 72, 86, XX, XX]
 -> [11, 11, - , - , - , - , - , - ,  8,  7]

29: [64, 64, 64, 64, 64, 57, 64, 72, 86, 87] == [86] Changed {52}, Perturbations {3}
    [64, 64, 64, 64, 64, 57, 64, 72, 86, 87] -> [86] 0.388, [66] 0.267, [87] 0.183
    [64, 64, 64, 64, 64,  0,  0,  0, 86, 87] -> [66] 0.373, [86] 0.274, [87] 0.216
 == [64, 64, 64, 64, 64, XX, XX, XX, 86, 87]
 -> [- , - , - , - , - ,  0,  0,  0, - , - ]

33: [29, 29, 72, 86, 87, 87, 86, 86, 87, 87] == [86] Changed {52}, Perturbations {5}
    [29, 29, 72, 86, 87, 87, 86, 86, 87, 87] -> [86] 0.765, [87] 0.088, [66] 0.052
    [ 5, 29, 10, 86, 10, 87, 86, 86,  8,  7] -> [87] 0.074, [72] 0.067, [86] 0.051
 == [XX, 29, XX, 86, XX, 87, 86, 86, XX, XX]
 -> [ 5, - , 10, - , 10, - , - , - ,  8,  7]

35: [29, 29, 29, 72, 86, 87, 87, 86, 86, 87] == [87] Changed {52}, Perturbations {7}
    [29, 29, 29, 72, 86, 87, 87, 86, 86, 87] -> [87] 0.341, [66] 0.282, [86] 0.248
    [29, 29, 29,  4,  4,  4,  4,  4,  4,  0] -> [ 0] 0.614, [72] 0.061, [ 2] 0.028
 == [29, 29, 29, XX, XX, XX, XX, XX, XX, XX]
 -> [- , - , - ,  4,  4,  4,  4,  4,  4,  0]

37: [64, 72, 86, 87, 86, 87, 87, 86, 87, 86] == [66] Changed {52}, Perturbations {3}
    [64, 72, 86, 87, 86, 87, 87, 86, 87, 86] -> [66] 0.373, [86] 0.298, [87] 0.211
    [64, 72,  0, 87,  0, 87, 87,  0, 87, 86] -> [86] 0.425, [66] 0.218, [87] 0.171
 == [64, 72, XX, 87, XX, 87, 87, XX, 87, 86]
 -> [- , - ,  0, - ,  0, - , - ,  0, - , - ]

38: [72, 86, 87, 87, 86, 86, 87, 87, 86, 66] == [66] Changed {52}, Perturbations {6}
    [72, 86, 87, 87, 86, 86, 87, 87, 86, 66] -> [66] 0.698, [86] 0.067, [72] 0.054
    [72,  0,  0,  0, 86,  0, 87, 87,  0,  0] -> [ 0] 0.457, [72] 0.079, [86] 0.071
 == [72, XX, XX, XX, 86, XX, 87, 87, XX, XX]
 -> [- ,  0,  0,  0, - ,  0, - , - ,  0,  0]

39: [72, 86, 87, 86, 87, 87, 86, 87, 86, 66] == [66] Changed {52}, Perturbations {7}
    [72, 86, 87, 86, 87, 87, 86, 87, 86, 66] -> [66] 0.664, [86] 0.073, [72] 0.067
    [72,  0,  0,  0,  0, 87,  0, 87,  0,  0] -> [ 0] 0.501, [72] 0.076, [86] 0.058
 == [72, XX, XX, XX, XX, 87, XX, 87, XX, XX]
 -> [- ,  0,  0,  0,  0, - ,  0, - ,  0,  0]

44: [87, 86, 86, 87, 87, 86, 66, 66, 72, 66] == [66] Changed {52}, Perturbations {7}
    [87, 86, 86, 87, 87, 86, 66, 66, 72, 66] -> [66] 0.759, [72] 0.060, [86] 0.023
    [87,  0,  0,  0,  0,  0, 66,  0, 72,  0] -> [ 0] 0.766, [72] 0.048, [ 2] 0.016
 == [87, XX, XX, XX, XX, XX, 66, XX, 72, XX]
 -> [- ,  0,  0,  0,  0,  0, - ,  0, - ,  0]

45: [86, 87, 87, 86, 87, 86, 66, 66, 72, 66] == [66] Changed {52}, Perturbations {6}
    [86, 87, 87, 86, 87, 86, 66, 66, 72, 66] -> [66] 0.762, [72] 0.059, [86] 0.023
    [ 0, 87, 87,  0,  0,  0, 66,  0, 72,  0] -> [ 0] 0.769, [72] 0.047, [ 2] 0.016
 == [XX, 87, 87, XX, XX, XX, 66, XX, 72, XX]
 -> [ 0, - , - ,  0,  0,  0, - ,  0, - ,  0]

46: [89, 89, 89, 89, 89, 89, 89, 89, 89, 72] == [72] Changed {52}, Perturbations {5}
    [89, 89, 89, 89, 89, 89, 89, 89, 89, 72] -> [72] 0.743, [64] 0.085, [24] 0.027
    [89, 89, 89, 89, 89,  1,  1,  1,  1,  1] -> [ 1] 0.364, [15] 0.129, [ 2] 0.019
 == [89, 89, 89, 89, 89, XX, XX, XX, XX, XX]
 -> [- , - , - , - , - ,  1,  1,  1,  1,  1]

47: [89, 89, 89, 89, 89, 89, 89, 64, 72, 72] == [72] Changed {57}, Perturbations {2}
    [89, 89, 89, 89, 89, 89, 89, 64, 72, 72] -> [72] 0.588, [64] 0.270, [57] 0.015
51  [89, 89, 89, 89, 89, 89,  0, 64,  1, 72] -> [72] 0.390, [64] 0.388, [57] 0.021
    [89, 89, 89, 89, 89, 89,  0, 64,  1, 72] -> [64] 0.392, [72] 0.390, [57] 0.021
 == [89, 89, 89, 89, 89, 89, XX, 64, XX, 72]
 -> [- , - , - , - , - , - ,  0, - ,  1, - ]

50: [72, 42, 42, 42, 42, 22, 22, 42, 42, 42] == [42] Changed {52}, Perturbations {7}
    [72, 42, 42, 42, 42, 22, 22, 42, 42, 42] -> [42] 0.685, [72] 0.120, [22] 0.055
    [72,  0,  0,  0,  0, 22, 22,  0,  4,  0] -> [ 0] 0.739, [72] 0.046, [ 2] 0.019
 == [72, XX, XX, XX, XX, 22, 22, XX, XX, XX]
 -> [- ,  0,  0,  0,  0, - , - ,  0,  4,  0]

55: [42, 42, 72, 72, 72, 72, 42, 72, 72, 72] == [72] Changed {52}, Perturbations {7}
    [42, 42, 72, 72, 72, 72, 42, 72, 72, 72] -> [72] 0.780, [42] 0.045, [64] 0.022
    [42, 42,  1,  1,  1,  1, 42,  1,  1,  1] -> [ 1] 0.349, [15] 0.136, [ 2] 0.020
 == [42, 42, XX, XX, XX, XX, 42, XX, XX, XX]
 -> [- , - ,  1,  1,  1,  1, - ,  1,  1,  1]

65: [72, 72, 72, 72, 72, 72, 72, 57, 58, 57] == [57] Changed {52}, Perturbations {7}
    [72, 72, 72, 72, 72, 72, 72, 57, 58, 57] -> [57] 0.364, [58] 0.231, [72] 0.138
    [72,  5,  4,  4, 10, 72, 72,  4,  4,  4] -> [72] 0.207, [64] 0.043, [86] 0.024
 == [72, XX, XX, XX, XX, 72, 72, XX, XX, XX]
 -> [- ,  5,  4,  4, 10, - , - ,  4,  4,  4]

68: [88, 88, 88, 88, 88, 88, 88, 88, 88, 88] == [88] Changed {52}, Perturbations {10}
    [88, 88, 88, 88, 88, 88, 88, 88, 88, 88] -> [88] 0.893, [44] 0.002, [24] 0.002
    [ 4,  4,  4,  4,  4,  4,  4,  4,  4,  4] -> [72] 0.081, [64] 0.044, [ 2] 0.022
 == [XX, XX, XX, XX, XX, XX, XX, XX, XX, XX]
 -> [ 4,  4,  4,  4,  4,  4,  4,  4,  4,  4]

72: [86, 87, 87, 86, 66, 66, 72, 66, 66, 86] == [87] Changed {52}, Perturbations {8}
    [86, 87, 87, 86, 66, 66, 72, 66, 66, 86] -> [87] 0.750, [86] 0.087, [66] 0.043
    [ 4,  5,  5, 86,  0,  0, 72,  4,  4,  4] -> [72] 0.097, [64] 0.040, [86] 0.025
 == [XX, XX, XX, 86, XX, XX, 72, XX, XX, XX]
 -> [ 4,  5,  5, - ,  0,  0, - ,  4,  4,  4]

73: [72, 72, 72, 42, 72, 72, 72, 72, 42, 86] == [87] Changed {52}, Perturbations {3}
    [72, 72, 72, 42, 72, 72, 72, 72, 42, 86] -> [87] 0.760, [86] 0.080, [72] 0.026
    [72, 72, 72, 42, 72, 72,  1, 72,  0,  4] -> [72] 0.446, [64] 0.036, [44] 0.022
 == [72, 72, 72, 42, 72, 72, XX, 72, XX, XX]
 -> [- , - , - , - , - , - ,  1, - ,  0,  4]

74: [72, 42, 72, 72, 72, 72, 42, 86, 87, 87] == [86] Changed {52}, Perturbations {7}
    [72, 42, 72, 72, 72, 72, 42, 86, 87, 87] -> [86] 0.769, [87] 0.081, [66] 0.047
    [11, 42, 11, 10,  8, 72,  1, 86,  8,  7] -> [72] 0.118, [87] 0.038, [64] 0.028
 == [XX, 42, XX, XX, XX, 72, XX, 86, XX, XX]
 -> [11, - , 11, 10,  8, - ,  1, - ,  8,  7]

75: [87, 86, 66, 66, 72, 66, 66, 86, 87, 87] == [86] Changed {52}, Perturbations {7}
    [87, 86, 66, 66, 72, 66, 66, 86, 87, 87] -> [86] 0.774, [87] 0.084, [66] 0.049
    [ 6, 86,  6,  6, 72,  1,  1, 86,  8,  7] -> [72] 0.083, [87] 0.041, [64] 0.028
 == [XX, 86, XX, XX, 72, XX, XX, 86, XX, XX]
 -> [ 6, - ,  6,  6, - ,  1,  1, - ,  8,  7]

80: [66, 66, 72, 66, 66, 86, 87, 87, 86, 66] == [66] Changed {52}, Perturbations {3}
    [66, 66, 72, 66, 66, 86, 87, 87, 86, 66] -> [66] 0.653, [86] 0.094, [72] 0.057
    [66, 66, 72, 66, 66,  0, 87, 87,  0,  0] -> [ 0] 0.423, [86] 0.087, [72] 0.084
 == [66, 66, 72, 66, 66, XX, 87, 87, XX, XX]
 -> [- , - , - , - , - ,  0, - , - ,  0,  0]

81: [72, 72, 72, 72, 42, 86, 87, 87, 86, 66] == [66] Changed {52}, Perturbations {3}
    [72, 72, 72, 72, 42, 86, 87, 87, 86, 66] -> [66] 0.652, [86] 0.085, [72] 0.064
    [72, 72, 72, 72, 42,  0, 87, 87,  0,  0] -> [ 0] 0.353, [72] 0.120, [86] 0.093
 == [72, 72, 72, 72, 42, XX, 87, 87, XX, XX]
 -> [- , - , - , - , - ,  0, - , - ,  0,  0]

82: [72, 66, 66, 86, 87, 87, 86, 66, 66, 87] == [86] Changed {52}, Perturbations {5}
    [72, 66, 66, 86, 87, 87, 86, 66, 66, 87] -> [86] 0.645, [66] 0.127, [87] 0.081
    [ 0, 66, 66, 86,  0, 87, 86,  1,  7,  4] -> [72] 0.069, [64] 0.030, [86] 0.027
 == [XX, 66, 66, 86, XX, 87, 86, XX, XX, XX]
 -> [ 0, - , - , - ,  0, - , - ,  1,  7,  4]

83: [72, 72, 42, 86, 87, 87, 86, 66, 66, 87] == [86] Changed {52}, Perturbations {6}
    [72, 72, 42, 86, 87, 87, 86, 66, 66, 87] -> [86] 0.646, [66] 0.124, [87] 0.082
    [13,  5, 42, 86,  0, 87, 86,  1,  7,  4] -> [72] 0.067, [86] 0.031, [64] 0.029
 == [XX, XX, 42, 86, XX, 87, 86, XX, XX, XX]
 -> [13,  5, - , - ,  0, - , - ,  1,  7,  4]

88: [42, 86, 87, 87, 86, 66, 66, 87, 86, 86] == [87] Changed {52}, Perturbations {6}
    [42, 86, 87, 87, 86, 66, 66, 87, 86, 86] -> [87] 0.805, [86] 0.082, [66] 0.025
    [42,  5,  5,  2,  2, 66, 66, 87,  4,  4] -> [86] 0.180, [66] 0.092, [72] 0.078
 == [42, XX, XX, XX, XX, 66, 66, 87, XX, XX]
 -> [- ,  5,  5,  2,  2, - , - , - ,  4,  4]

89: [66, 86, 87, 87, 86, 66, 66, 87, 86, 86] == [87] Changed {52}, Perturbations {4}
    [66, 86, 87, 87, 86, 66, 66, 87, 86, 86] -> [87] 0.808, [86] 0.081, [66] 0.025
    [66, 86,  5,  2, 86, 66, 66, 87,  0,  4] -> [86] 0.217, [66] 0.087, [72] 0.078
 == [66, 86, XX, XX, 86, 66, 66, 87, XX, XX]
 -> [- , - ,  5,  2, - , - , - , - ,  0,  4]

91: [87, 87, 86, 66, 66, 87, 86, 86, 87, 66] == [66] Changed {52}, Perturbations {7}
    [87, 87, 86, 66, 66, 87, 86, 86, 87, 66] -> [66] 0.765, [86] 0.042, [72] 0.039
    [ 0,  0,  0,  0, 66, 87,  0,  0, 87,  0] -> [ 0] 0.535, [72] 0.067, [86] 0.051
 == [XX, XX, XX, XX, 66, 87, XX, XX, 87, XX]
 -> [ 0,  0,  0,  0, - , - ,  0,  0, - ,  0]

94: [87, 86, 87, 86, 66, 66, 72, 66, 66, 78] == [78] Changed {52}, Perturbations {6}
    [87, 86, 87, 86, 66, 66, 72, 66, 66, 78] -> [78] 0.571, [72] 0.092, [42] 0.079
    [ 5, 86,  5, 86,  1,  1, 72, 66,  4,  4] -> [72] 0.101, [66] 0.059, [86] 0.041
 == [XX, 86, XX, 86, XX, XX, 72, 66, XX, XX]
 -> [ 5, - ,  5, - ,  1,  1, - , - ,  4,  4]

95: [86, 66, 66, 87, 86, 86, 87, 66, 66, 78] == [78] Changed {52}, Perturbations {4}
    [86, 66, 66, 87, 86, 86, 87, 66, 66, 78] -> [78] 0.334, [66] 0.137, [72] 0.118
    [86,  5,  5,  2, 86, 86, 87, 66, 66,  4] -> [66] 0.250, [72] 0.111, [86] 0.068
 == [86, XX, XX, XX, 86, 86, 87, 66, 66, XX]
 -> [- ,  5,  5,  2, - , - , - , - , - ,  4]

104: [72, 72, 72, 72, 72, 57, 58, 57, 57, 72] == [72] Changed {52}, Perturbations {3}
     [72, 72, 72, 72, 72, 57, 58, 57, 57, 72] -> [72] 0.609, [57] 0.084, [64] 0.074
     [ 0, 72, 72, 72, 72, 57,  0, 57, 57,  1] -> [ 1] 0.138, [15] 0.085, [72] 0.054
  == [XX, 72, 72, 72, 72, 57, XX, 57, 57, XX]
  -> [ 0, - , - , - , - , - ,  0, - , - ,  1]

105: [72, 72, 72, 72, 57, 58, 57, 57, 72, 72] == [72] Changed {52}, Perturbations {8}
     [72, 72, 72, 72, 57, 58, 57, 57, 72, 72] -> [72] 0.699, [64] 0.060, [57] 0.046
     [ 1,  0,  0,  1, 57,  1,  0, 57,  1,  1] -> [ 1] 0.257, [15] 0.117, [72] 0.024
  == [XX, XX, XX, XX, 57, XX, XX, 57, XX, XX]
  -> [ 1,  0,  0,  1, - ,  1,  0, - ,  1,  1]

109: [83, 83, 83, 83, 83, 83, 72, 72, 72, 72] == [72] Changed {52}, Perturbations {8}
     [83, 83, 83, 83, 83, 83, 72, 72, 72, 72] -> [72] 0.797, [83] 0.025, [64] 0.025
     [83,  1,  1,  1,  1,  1, 72,  1,  1,  1] -> [ 1] 0.369, [15] 0.133, [ 2] 0.020
  == [83, XX, XX, XX, XX, XX, 72, XX, XX, XX]
  -> [- ,  1,  1,  1,  1,  1, - ,  1,  1,  1]

110: [83, 83, 83, 83, 83, 72, 72, 72, 72, 72] == [72] Changed {52}, Perturbations {10}
     [83, 83, 83, 83, 83, 72, 72, 72, 72, 72] -> [72] 0.827, [64] 0.023, [44] 0.012
     [ 1,  1,  1,  1,  1,  1,  1,  1,  1,  1] -> [ 1] 0.390, [15] 0.139, [ 2] 0.019
  == [XX, XX, XX, XX, XX, XX, XX, XX, XX, XX]
  -> [ 1,  1,  1,  1,  1,  1,  1,  1,  1,  1]

111: [83, 83, 83, 83, 83, 83, 83, 83, 83, 72] == [72] Changed {52}, Perturbations {1}
     [83, 83, 83, 83, 83, 83, 83, 83, 83, 72] -> [72] 0.655, [83] 0.133, [64] 0.027
     [83, 83, 83, 83, 83, 83, 83, 83, 83,  1] -> [ 1] 0.165, [15] 0.065, [83] 0.060
  == [83, 83, 83, 83, 83, 83, 83, 83, 83, XX]
  -> [- , - , - , - , - , - , - , - , - ,  1]

112: [83, 83, 83, 83, 72, 72, 72, 72, 72, 72] == [72] Changed {52}, Perturbations {10}
     [83, 83, 83, 83, 72, 72, 72, 72, 72, 72] -> [72] 0.829, [64] 0.023, [44] 0.012
     [ 1,  1,  1,  1,  1,  1,  1,  1,  1,  1] -> [ 1] 0.390, [15] 0.139, [ 2] 0.019
  == [XX, XX, XX, XX, XX, XX, XX, XX, XX, XX]
  -> [ 1,  1,  1,  1,  1,  1,  1,  1,  1,  1]

114: [66, 87, 86, 86, 87, 66, 66, 78, 78, 42] == [42] Changed {52}, Perturbations {5}
     [66, 87, 86, 86, 87, 66, 66, 78, 78, 42] -> [42] 0.488, [78] 0.131, [72] 0.109
     [10,  5, 86, 86, 87,  8,  1, 78, 78,  4] -> [72] 0.075, [78] 0.057, [86] 0.037
  == [XX, XX, 86, 86, 87, XX, XX, 78, 78, XX]
  -> [10,  5, - , - , - ,  8,  1, - , - ,  4]

116: [86, 86, 87, 66, 66, 78, 78, 42, 42, 72] == [72] Changed {52}, Perturbations {4}
     [86, 86, 87, 66, 66, 78, 78, 42, 42, 72] -> [72] 0.543, [42] 0.192, [78] 0.029
     [86, 86,  0, 66, 66,  0,  0, 42, 42,  1] -> [ 1] 0.205, [15] 0.120, [42] 0.033
  == [86, 86, XX, 66, 66, XX, XX, 42, 42, XX]
  -> [- , - ,  0, - , - ,  0,  0, - , - ,  1]

118: [87, 66, 66, 78, 78, 42, 42, 72, 72, 72] == [72] Changed {52}, Perturbations {6}
     [87, 66, 66, 78, 78, 42, 42, 72, 72, 72] -> [72] 0.688, [42] 0.066, [78] 0.028
     [87,  1,  1,  1,  1, 42, 42,  1, 72,  1] -> [ 1] 0.293, [15] 0.126, [72] 0.030
  == [87, XX, XX, XX, XX, 42, 42, XX, 72, XX]
  -> [- ,  1,  1,  1,  1, - , - ,  1, - ,  1]

121: [89, 89, 89, 89, 58, 58, 58, 58, 58, 57] == [57] Changed {52}, Perturbations {6}
     [89, 89, 89, 89, 58, 58, 58, 58, 58, 57] -> [57] 0.389, [58] 0.347, [64] 0.098
     [89, 89, 89, 89,  1,  1,  0,  4,  4,  4] -> [72] 0.089, [64] 0.050, [ 2] 0.021
  == [89, 89, 89, 89, XX, XX, XX, XX, XX, XX]
  -> [- , - , - , - ,  1,  1,  0,  4,  4,  4]

122: [71, 71, 71, 71, 79, 76, 77, 71, 84, 57] == [57] Changed {52}, Perturbations {4}
     [71, 71, 71, 71, 79, 76, 77, 71, 84, 57] -> [57] 0.240, [58] 0.188, [64] 0.169
     [71, 71, 71, 71,  1, 76,  1, 71,  4,  1] -> [ 1] 0.158, [15] 0.069, [72] 0.031
  == [71, 71, 71, 71, XX, 76, XX, 71, XX, XX]
  -> [- , - , - , - ,  1, - ,  1, - ,  4,  1]

125: [89, 89, 58, 58, 58, 58, 58, 57, 57, 58] == [58] Changed {52}, Perturbations {8}
     [89, 89, 58, 58, 58, 58, 58, 57, 57, 58] -> [58] 0.397, [57] 0.295, [64] 0.121
     [89,  2,  2,  2,  4,  2, 58,  0,  0,  0] -> [ 0] 0.780, [72] 0.037, [ 2] 0.020
  == [89, XX, XX, XX, XX, XX, 58, XX, XX, XX]
  -> [- ,  2,  2,  2,  4,  2, - ,  0,  0,  0]

126: [71, 71, 79, 76, 77, 71, 84, 57, 57, 58] == [58] Changed {52}, Perturbations {6}
     [71, 71, 79, 76, 77, 71, 84, 57, 57, 58] -> [58] 0.271, [57] 0.241, [64] 0.176
     [71, 71,  2, 76,  4, 71,  4,  4,  4,  2] -> [ 2] 0.796, [72] 0.029, [ 0] 0.013
  == [71, 71, XX, 76, XX, 71, XX, XX, XX, XX]
  -> [- , - ,  2, - ,  4, - ,  4,  4,  4,  2]

128: [71, 79, 76, 77, 71, 84, 57, 57, 58, 58] == [58] Changed {52}, Perturbations {6}
     [71, 79, 76, 77, 71, 84, 57, 57, 58, 58] -> [58] 0.256, [57] 0.242, [64] 0.175
     [71,  2,  2,  2, 71, 84,  4,  4, 58,  2] -> [ 2] 0.817, [72] 0.028, [ 0] 0.012
  == [71, XX, XX, XX, 71, 84, XX, XX, 58, XX]
  -> [- ,  2,  2,  2, - , - ,  4,  4, - ,  2]

129: [57, 58, 58, 58, 58, 58, 58, 58, 57, 58] == [58] Changed {52}, Perturbations {10}
     [57, 58, 58, 58, 58, 58, 58, 58, 57, 58] -> [58] 0.407, [57] 0.289, [64] 0.114
     [ 0,  0,  0,  0,  0,  0,  0,  0,  0,  0] -> [ 0] 0.812, [72] 0.033, [ 2] 0.015
  == [XX, XX, XX, XX, XX, XX, XX, XX, XX, XX]
  -> [ 0,  0,  0,  0,  0,  0,  0,  0,  0,  0]

130: [79, 76, 77, 71, 84, 57, 57, 58, 58, 58] == [58] Changed {52}, Perturbations {9}
     [79, 76, 77, 71, 84, 57, 57, 58, 58, 58] -> [58] 0.311, [57] 0.248, [64] 0.158
     [ 2,  2,  2, 71,  4,  2,  4,  2,  4,  2] -> [ 2] 0.832, [72] 0.025, [ 0] 0.011
  == [XX, XX, XX, 71, XX, XX, XX, XX, XX, XX]
  -> [ 2,  2,  2, - ,  4,  2,  4,  2,  4,  2]

131: [58, 58, 58, 58, 58, 58, 58, 57, 58, 58] == [58] Changed {52}, Perturbations {10}
     [58, 58, 58, 58, 58, 58, 58, 57, 58, 58] -> [58] 0.402, [57] 0.288, [64] 0.116
     [ 0,  0,  0,  0,  0,  0,  2,  0,  0,  0] -> [ 0] 0.810, [72] 0.033, [ 2] 0.015
  == [XX, XX, XX, XX, XX, XX, XX, XX, XX, XX]
  -> [ 0,  0,  0,  0,  0,  0,  2,  0,  0,  0]

132: [76, 77, 71, 84, 57, 57, 58, 58, 58, 58] == [58] Changed {52}, Perturbations {8}
     [76, 77, 71, 84, 57, 57, 58, 58, 58, 58] -> [58] 0.304, [57] 0.260, [64] 0.155
     [ 0,  2, 71, 84,  4,  2,  4,  4,  4,  2] -> [ 2] 0.807, [72] 0.028, [ 0] 0.013
  == [XX, XX, 71, 84, XX, XX, XX, XX, XX, XX]
  -> [ 0,  2, - , - ,  4,  2,  4,  4,  4,  2]

133: [58, 58, 58, 58, 58, 58, 57, 58, 58, 58] == [58] Changed {52}, Perturbations {10}
     [58, 58, 58, 58, 58, 58, 57, 58, 58, 58] -> [58] 0.392, [57] 0.286, [64] 0.119
     [ 0,  0,  0,  0,  0,  0,  0,  0,  0,  0] -> [ 0] 0.812, [72] 0.033, [ 2] 0.015
  == [XX, XX, XX, XX, XX, XX, XX, XX, XX, XX]
  -> [ 0,  0,  0,  0,  0,  0,  0,  0,  0,  0]

134: [77, 71, 84, 57, 57, 58, 58, 58, 58, 58] == [58] Changed {52}, Perturbations {8}
     [77, 71, 84, 57, 57, 58, 58, 58, 58, 58] -> [58] 0.321, [57] 0.271, [64] 0.147
     [ 0, 71, 84,  2,  2,  2,  4,  2,  2,  0] -> [ 0] 0.668, [ 2] 0.060, [72] 0.046
  == [XX, 71, 84, XX, XX, XX, XX, XX, XX, XX]
  -> [ 0, - , - ,  2,  2,  2,  4,  2,  2,  0]

135: [58, 58, 58, 58, 58, 57, 58, 58, 58, 58] == [58] Changed {52}, Perturbations {10}
     [58, 58, 58, 58, 58, 57, 58, 58, 58, 58] -> [58] 0.399, [57] 0.287, [64] 0.117
     [ 0,  0,  0,  0,  0,  0,  0,  0,  0,  0] -> [ 0] 0.812, [72] 0.033, [ 2] 0.015
  == [XX, XX, XX, XX, XX, XX, XX, XX, XX, XX]
  -> [ 0,  0,  0,  0,  0,  0,  0,  0,  0,  0]

136: [71, 84, 57, 57, 58, 58, 58, 58, 58, 58] == [58] Changed {52}, Perturbations {8}
     [71, 84, 57, 57, 58, 58, 58, 58, 58, 58] -> [58] 0.334, [57] 0.279, [64] 0.142
     [71, 84,  0,  2,  2,  2,  2,  2,  2,  0] -> [ 0] 0.657, [ 2] 0.066, [72] 0.046
  == [71, 84, XX, XX, XX, XX, XX, XX, XX, XX]
  -> [- , - ,  0,  2,  2,  2,  2,  2,  2,  0]

137: [58, 58, 58, 58, 57, 58, 58, 58, 58, 58] == [58] Changed {52}, Perturbations {10}
     [58, 58, 58, 58, 57, 58, 58, 58, 58, 58] -> [58] 0.390, [57] 0.285, [64] 0.119
     [ 0,  0,  0,  0,  0,  0,  0,  0,  0,  0] -> [ 0] 0.812, [72] 0.033, [ 2] 0.015
  == [XX, XX, XX, XX, XX, XX, XX, XX, XX, XX]
  -> [ 0,  0,  0,  0,  0,  0,  0,  0,  0,  0]

138: [84, 57, 57, 58, 58, 58, 58, 58, 58, 58] == [58] Changed {52}, Perturbations {9}
     [84, 57, 57, 58, 58, 58, 58, 58, 58, 58] -> [58] 0.355, [57] 0.289, [64] 0.129
     [84,  0,  0,  0,  2,  0,  2,  2,  0,  0] -> [ 0] 0.729, [72] 0.041, [ 2] 0.039
  == [84, XX, XX, XX, XX, XX, XX, XX, XX, XX]
  -> [- ,  0,  0,  0,  2,  0,  2,  2,  0,  0]

139: [89, 58, 58, 58, 58, 58, 57, 57, 58, 58] == [58] Changed {52}, Perturbations {9}
     [89, 58, 58, 58, 58, 58, 57, 57, 58, 58] -> [58] 0.381, [57] 0.292, [64] 0.126
     [89,  2,  2,  2,  2,  2,  4,  0,  0,  0] -> [ 0] 0.781, [72] 0.037, [ 2] 0.021
  == [89, XX, XX, XX, XX, XX, XX, XX, XX, XX]
  -> [- ,  2,  2,  2,  2,  2,  4,  0,  0,  0]

140: [57, 57, 58, 58, 58, 58, 58, 58, 58, 58] == [58] Changed {52}, Perturbations {10}
     [57, 57, 58, 58, 58, 58, 58, 58, 58, 58] -> [58] 0.403, [57] 0.288, [64] 0.115
     [ 0,  0,  0,  0,  0,  0,  0,  0,  0,  0] -> [ 0] 0.812, [72] 0.033, [ 2] 0.015
  == [XX, XX, XX, XX, XX, XX, XX, XX, XX, XX]
  -> [ 0,  0,  0,  0,  0,  0,  0,  0,  0,  0]

144: [58, 58, 58, 58, 58, 58, 58, 58, 58, 57] == [57] Changed {52}, Perturbations {6}
     [58, 58, 58, 58, 58, 58, 58, 58, 58, 57] -> [57] 0.385, [58] 0.376, [64] 0.087
     [58, 58, 58, 58,  1,  8,  1,  4,  4,  4] -> [72] 0.079, [64] 0.053, [57] 0.022
  == [58, 58, 58, 58, XX, XX, XX, XX, XX, XX]
  -> [- , - , - , - ,  1,  8,  1,  4,  4,  4]

152: [58, 58, 58, 58, 58, 57, 57, 72, 57, 58] == [58] Changed {52}, Perturbations {8}
     [58, 58, 58, 58, 58, 57, 57, 72, 57, 58] -> [58] 0.282, [57] 0.264, [72] 0.146
     [ 0, 58,  0,  0,  0,  0,  0, 72,  0,  0] -> [ 0] 0.702, [72] 0.077, [ 2] 0.018
  == [XX, 58, XX, XX, XX, XX, XX, 72, XX, XX]
  -> [ 0, - ,  0,  0,  0,  0,  0, - ,  0,  0]

153: [89, 89, 89, 89, 57, 58, 58, 57, 57, 58] == [58] Changed {52}, Perturbations {9}
     [89, 89, 89, 89, 57, 58, 58, 57, 57, 58] -> [58] 0.379, [57] 0.300, [64] 0.128
     [89,  4,  2,  4,  4,  4,  4,  2,  2,  0] -> [ 0] 0.687, [72] 0.047, [ 2] 0.043
  == [89, XX, XX, XX, XX, XX, XX, XX, XX, XX]
  -> [- ,  4,  2,  4,  4,  4,  4,  2,  2,  0]

154: [58, 58, 58, 58, 57, 57, 72, 57, 58, 58] == [58] Changed {52}, Perturbations {9}
     [58, 58, 58, 58, 57, 57, 72, 57, 58, 58] -> [58] 0.400, [57] 0.290, [64] 0.114
     [ 0,  0,  0,  0,  0,  0, 72,  0,  0,  0] -> [ 0] 0.807, [72] 0.035, [ 2] 0.015
  == [XX, XX, XX, XX, XX, XX, 72, XX, XX, XX]
  -> [ 0,  0,  0,  0,  0,  0, - ,  0,  0,  0]

155: [58, 58, 58, 58, 58, 57, 57, 58, 58, 58] == [58] Changed {52}, Perturbations {10}
     [58, 58, 58, 58, 58, 57, 57, 58, 58, 58] -> [58] 0.404, [57] 0.288, [64] 0.115
     [ 0,  0,  0,  0,  0,  0,  0,  0,  0,  0] -> [ 0] 0.812, [72] 0.033, [ 2] 0.015
  == [XX, XX, XX, XX, XX, XX, XX, XX, XX, XX]
  -> [ 0,  0,  0,  0,  0,  0,  0,  0,  0,  0]

156: [58, 58, 58, 57, 57, 72, 57, 58, 58, 58] == [58] Changed {52}, Perturbations {9}
     [58, 58, 58, 57, 57, 72, 57, 58, 58, 58] -> [58] 0.315, [57] 0.272, [64] 0.134
     [ 0,  0,  0,  0,  2, 72,  2,  0,  0,  0] -> [ 0] 0.784, [72] 0.041, [ 2] 0.017
  == [XX, XX, XX, XX, XX, 72, XX, XX, XX, XX]
  -> [ 0,  0,  0,  0,  2, - ,  2,  0,  0,  0]

157: [58, 58, 58, 58, 57, 57, 58, 58, 58, 58] == [58] Changed {52}, Perturbations {10}
     [58, 58, 58, 58, 57, 57, 58, 58, 58, 58] -> [58] 0.404, [57] 0.288, [64] 0.115
     [ 0,  0,  0,  0,  0,  0,  0,  0,  0,  0] -> [ 0] 0.812, [72] 0.033, [ 2] 0.015
  == [XX, XX, XX, XX, XX, XX, XX, XX, XX, XX]
  -> [ 0,  0,  0,  0,  0,  0,  0,  0,  0,  0]

158: [58, 58, 57, 57, 72, 57, 58, 58, 58, 58] == [58] Changed {52}, Perturbations {9}
     [58, 58, 57, 57, 72, 57, 58, 58, 58, 58] -> [58] 0.400, [57] 0.289, [64] 0.116
     [ 0,  0,  0,  0, 72,  0,  0,  0,  0,  0] -> [ 0] 0.806, [72] 0.035, [ 2] 0.015
  == [XX, XX, XX, XX, 72, XX, XX, XX, XX, XX]
  -> [ 0,  0,  0,  0, - ,  0,  0,  0,  0,  0]

159: [58, 58, 58, 57, 57, 58, 58, 58, 58, 58] == [58] Changed {52}, Perturbations {10}
     [58, 58, 58, 57, 57, 58, 58, 58, 58, 58] -> [58] 0.398, [57] 0.287, [64] 0.117
     [ 0,  0,  0,  0,  0,  0,  0,  0,  0,  0] -> [ 0] 0.812, [72] 0.033, [ 2] 0.015
  == [XX, XX, XX, XX, XX, XX, XX, XX, XX, XX]
  -> [ 0,  0,  0,  0,  0,  0,  0,  0,  0,  0]

160: [58, 57, 57, 72, 57, 58, 58, 58, 58, 58] == [58] Changed {52}, Perturbations {9}
     [58, 57, 57, 72, 57, 58, 58, 58, 58, 58] -> [58] 0.364, [57] 0.282, [64] 0.125
     [ 0,  0,  0, 72,  2,  0,  2,  2,  2,  0] -> [ 0] 0.698, [ 2] 0.050, [72] 0.044
  == [XX, XX, XX, 72, XX, XX, XX, XX, XX, XX]
  -> [ 0,  0,  0, - ,  2,  0,  2,  2,  2,  0]

163: [64, 64, 72, 49, 64, 64, 64, 64, 64, 64] == [64] Changed {52}, Perturbations {9}
     [64, 64, 72, 49, 64, 64, 64, 64, 64, 64] -> [64] 0.808, [72] 0.055, [57] 0.016
     [ 0,  0, 72,  0,  0,  0,  0,  0,  0,  0] -> [ 0] 0.805, [72] 0.035, [ 2] 0.015
  == [XX, XX, 72, XX, XX, XX, XX, XX, XX, XX]
  -> [ 0,  0, - ,  0,  0,  0,  0,  0,  0,  0]

164: [72, 57, 58, 58, 58, 58, 58, 58, 72, 64] == [64] Changed {52}, Perturbations {8}
     [72, 57, 58, 58, 58, 58, 58, 58, 72, 64] -> [64] 0.655, [72] 0.146, [57] 0.047
     [72, 57,  0,  0,  0,  0,  0,  0,  0,  0] -> [ 0] 0.800, [72] 0.036, [ 2] 0.015
  == [72, 57, XX, XX, XX, XX, XX, XX, XX, XX]
  -> [- , - ,  0,  0,  0,  0,  0,  0,  0,  0]

177: [86, 87, 66, 66,  2,  2,  2,  2,  2,  2] == [2] Changed {52}, Perturbations {4}
     [86, 87, 66, 66,  2,  2,  2,  2,  2,  2] -> [ 2] 0.853, [72] 0.022, [ 0] 0.011
     [86,  5,  5,  5,  2,  2,  2,  2,  2,  0] -> [ 0] 0.659, [ 2] 0.062, [72] 0.046
  == [86, XX, XX, XX,  2,  2,  2,  2,  2, XX]
  -> [- ,  5,  5,  5, - , - , - , - , - ,  0]

178: [87, 66, 66,  2,  2,  2,  2,  2,  2,  2] == [2] Changed {52}, Perturbations {2}
     [87, 66, 66,  2,  2,  2,  2,  2,  2,  2] -> [ 2] 0.854, [72] 0.022, [ 0] 0.010
     [87,  5, 66,  2,  2,  2,  2,  2,  2,  0] -> [ 0] 0.668, [ 2] 0.061, [72] 0.045
  == [87, XX, 66,  2,  2,  2,  2,  2,  2, XX]
  -> [- ,  5, - , - , - , - , - , - , - ,  0]

181: [66, 66,  2,  2,  2,  2,  2,  2,  2,  2] == [2] Changed {52}, Perturbations {3}
     [66, 66,  2,  2,  2,  2,  2,  2,  2,  2] -> [ 2] 0.856, [72] 0.022, [ 0] 0.010
     [66, 66,  2,  2,  2,  2,  2,  0,  0,  0] -> [ 0] 0.788, [72] 0.035, [ 2] 0.020
  == [66, 66,  2,  2,  2,  2,  2, XX, XX, XX]
  -> [- , - , - , - , - , - , - ,  0,  0,  0]

183: [66,  2,  2,  2,  2,  2,  2,  2,  2,  2] == [2] Changed {52}, Perturbations {3}
     [66,  2,  2,  2,  2,  2,  2,  2,  2,  2] -> [ 2] 0.857, [72] 0.022, [ 0] 0.010
     [66,  2,  2,  2,  2,  2,  2,  0,  0,  0] -> [ 0] 0.789, [72] 0.035, [ 2] 0.020
  == [66,  2,  2,  2,  2,  2,  2, XX, XX, XX]
  -> [- , - , - , - , - , - , - ,  0,  0,  0]

186: [64, 64, 64, 64, 64, 72, 72, 72, 72, 57] == [57] Changed {52}, Perturbations {5}
     [64, 64, 64, 64, 64, 72, 72, 72, 72, 57] -> [57] 0.379, [58] 0.218, [64] 0.176
     [64, 64, 64, 64, 10,  1,  1, 72,  0,  4] -> [72] 0.232, [64] 0.120, [57] 0.022
  == [64, 64, 64, 64, XX, XX, XX, 72, XX, XX]
  -> [- , - , - , - , 10,  1,  1, - ,  0,  4]

187: [89, 89, 89, 89, 89, 89, 89, 89, 89, 64] == [64] Changed {52}, Perturbations {6}
     [89, 89, 89, 89, 89, 89, 89, 89, 89, 64] -> [64] 0.797, [72] 0.063, [57] 0.019
     [89, 89, 89, 89,  0,  0,  0,  0,  0,  0] -> [ 0] 0.796, [72] 0.037, [ 2] 0.015
  == [89, 89, 89, 89, XX, XX, XX, XX, XX, XX]
  -> [- , - , - , - ,  0,  0,  0,  0,  0,  0]

189: [42, 42, 42, 42, 72, 42, 72, 42, 72, 42] == [42] Changed {52}, Perturbations {8}
     [42, 42, 42, 42, 72, 42, 72, 42, 72, 42] -> [42] 0.619, [72] 0.196, [22] 0.032
     [ 0,  0,  0,  0, 72,  0, 72,  0,  0,  0] -> [ 0] 0.800, [72] 0.037, [ 2] 0.015
  == [XX, XX, XX, XX, 72, XX, 72, XX, XX, XX]
  -> [ 0,  0,  0,  0, - ,  0, - ,  0,  0,  0]

191: [58, 58, 58, 58, 58, 58, 72, 64, 64, 64] == [64] Changed {52}, Perturbations {9}
     [58, 58, 58, 58, 58, 58, 72, 64, 64, 64] -> [64] 0.767, [72] 0.062, [57] 0.035
     [ 0,  0,  0,  0,  9,  0, 72,  0,  0,  0] -> [ 0] 0.804, [72] 0.035, [ 2] 0.015
  == [XX, XX, XX, XX, XX, XX, 72, XX, XX, XX]
  -> [ 0,  0,  0,  0,  9,  0, - ,  0,  0,  0]

194: [83, 83, 83, 83, 83, 83, 83, 83, 83, 83] == [83] Changed {52}, Perturbations {10}
     [83, 83, 83, 83, 83, 83, 83, 83, 83, 83] -> [83] 0.825, [72] 0.044, [64] 0.013
     [ 0,  0,  0,  0,  0,  0,  0,  0,  0,  0] -> [ 0] 0.812, [72] 0.033, [ 2] 0.015
  == [XX, XX, XX, XX, XX, XX, XX, XX, XX, XX]
  -> [ 0,  0,  0,  0,  0,  0,  0,  0,  0,  0]

195: [83, 83, 72, 72, 72, 72, 72, 72, 72, 83] == [83] Changed {52}, Perturbations {6}
     [83, 83, 72, 72, 72, 72, 72, 72, 72, 83] -> [83] 0.715, [72] 0.111, [64] 0.018
     [ 0,  5, 72, 72,  5, 72,  0, 72,  0,  0] -> [ 0] 0.634, [72] 0.107, [ 2] 0.020
  == [XX, XX, 72, 72, XX, 72, XX, 72, XX, XX]
  -> [ 0,  5, - , - ,  5, - ,  0, - ,  0,  0]

196: [83, 72, 72, 72, 72, 72, 72, 72, 83, 83] == [83] Changed {52}, Perturbations {5}
     [83, 72, 72, 72, 72, 72, 72, 72, 83, 83] -> [83] 0.483, [72] 0.290, [64] 0.026
     [ 0, 72, 72, 72,  9, 72,  1, 72,  4,  4] -> [72] 0.419, [64] 0.038, [44] 0.023
  == [XX, 72, 72, 72, XX, 72, XX, 72, XX, XX]
  -> [ 0, - , - , - ,  9, - ,  1, - ,  4,  4]

197: [72, 72, 72, 72, 72, 72, 72, 83, 83, 83] == [83] Changed {52}, Perturbations {7}
     [72, 72, 72, 72, 72, 72, 72, 83, 83, 83] -> [83] 0.712, [72] 0.113, [64] 0.018
     [72,  5,  5,  5, 10, 72, 72,  0,  0,  0] -> [ 0] 0.714, [72] 0.062, [ 2] 0.019
  == [72, XX, XX, XX, XX, 72, 72, XX, XX, XX]
  -> [- ,  5,  5,  5, 10, - , - ,  0,  0,  0]

198: [72, 72, 72, 72, 72, 72, 83, 83, 83, 83] == [83] Changed {52}, Perturbations {8}
     [72, 72, 72, 72, 72, 72, 83, 83, 83, 83] -> [83] 0.743, [72] 0.092, [64] 0.017
     [72,  5,  5,  5, 10, 72,  3,  0,  0,  0] -> [ 0] 0.722, [72] 0.058, [ 2] 0.019
  == [72, XX, XX, XX, XX, 72, XX, XX, XX, XX]
  -> [- ,  5,  5,  5, 10, - ,  3,  0,  0,  0]

199: [72, 72, 72, 72, 72, 83, 83, 83, 83, 83] == [83] Changed {52}, Perturbations {6}
     [72, 72, 72, 72, 72, 83, 83, 83, 83, 83] -> [83] 0.785, [72] 0.066, [64] 0.015
     [72,  5, 72, 72, 72,  4,  4,  0,  0,  0] -> [ 0] 0.752, [72] 0.050, [ 2] 0.018
  == [72, XX, 72, 72, 72, XX, XX, XX, XX, XX]
  -> [- ,  5, - , - , - ,  4,  4,  0,  0,  0]

200: [72, 72, 72, 72, 83, 83, 83, 83, 83, 83] == [83] Changed {52}, Perturbations {6}
     [72, 72, 72, 72, 83, 83, 83, 83, 83, 83] -> [83] 0.795, [72] 0.060, [64] 0.014
     [72, 72, 72, 72,  4,  4,  4,  0,  0,  0] -> [ 0] 0.757, [72] 0.048, [ 2] 0.017
  == [72, 72, 72, 72, XX, XX, XX, XX, XX, XX]
  -> [- , - , - , - ,  4,  4,  4,  0,  0,  0]

201: [72, 72, 72, 83, 83, 83, 83, 83, 83, 83] == [83] Changed {52}, Perturbations {7}
     [72, 72, 72, 83, 83, 83, 83, 83, 83, 83] -> [83] 0.803, [72] 0.056, [64] 0.014
     [72, 72, 72,  4,  4,  4,  4,  0,  0,  0] -> [ 0] 0.757, [72] 0.047, [ 2] 0.018
  == [72, 72, 72, XX, XX, XX, XX, XX, XX, XX]
  -> [- , - , - ,  4,  4,  4,  4,  0,  0,  0]

202: [72, 72, 83, 83, 83, 83, 83, 83, 83, 83] == [83] Changed {52}, Perturbations {8}
     [72, 72, 83, 83, 83, 83, 83, 83, 83, 83] -> [83] 0.811, [72] 0.051, [64] 0.013
     [72, 72,  4,  4,  4,  0,  4,  0,  0,  0] -> [ 0] 0.778, [72] 0.041, [ 2] 0.017
  == [72, 72, XX, XX, XX, XX, XX, XX, XX, XX]
  -> [- , - ,  4,  4,  4,  0,  4,  0,  0,  0]

203: [72, 83, 83, 83, 83, 83, 83, 83, 83, 83] == [83] Changed {52}, Perturbations {9}
     [72, 83, 83, 83, 83, 83, 83, 83, 83, 83] -> [83] 0.817, [72] 0.048, [64] 0.013
     [72,  0,  0,  2,  4,  0,  4,  0,  0,  0] -> [ 0] 0.793, [72] 0.037, [ 2] 0.016
  == [72, XX, XX, XX, XX, XX, XX, XX, XX, XX]
  -> [- ,  0,  0,  2,  4,  0,  4,  0,  0,  0]

205: [64, 64, 64, 64, 72, 72, 72, 72, 57, 57] == [57] Changed {52}, Perturbations {3}
     [64, 64, 64, 64, 72, 72, 72, 72, 57, 57] -> [57] 0.288, [64] 0.221, [72] 0.164
     [64, 64, 64, 64, 72, 72,  1, 72,  4,  4] -> [72] 0.329, [64] 0.138, [57] 0.022
  == [64, 64, 64, 64, 72, 72, XX, 72, XX, XX]
  -> [- , - , - , - , - , - ,  1, - ,  4,  4]

210: [87, 86, 66, 66, 72, 66, 66, 78, 78, 72] == [72] Changed {52}, Perturbations {2}
     [87, 86, 66, 66, 72, 66, 66, 78, 78, 72] -> [72] 0.615, [78] 0.113, [42] 0.030
     [87, 86, 66, 66, 72, 66,  1, 78, 78,  1] -> [ 1] 0.105, [15] 0.073, [72] 0.054
  == [87, 86, 66, 66, 72, 66, XX, 78, 78, XX]
  -> [- , - , - , - , - , - ,  1, - , - ,  1]

212: [89, 89, 89, 89, 89, 89, 89, 18, 18, 18] == [18] Changed {52}, Perturbations {9}
     [89, 89, 89, 89, 89, 89, 89, 18, 18, 18] -> [18] 0.768, [72] 0.068, [64] 0.010
     [89,  5,  5,  5,  7,  7,  4,  0,  0,  0] -> [ 0] 0.756, [72] 0.043, [ 2] 0.018
  == [89, XX, XX, XX, XX, XX, XX, XX, XX, XX]
  -> [- ,  5,  5,  5,  7,  7,  4,  0,  0,  0]

213: [66, 66, 72, 66, 66, 78, 78, 72, 72, 18] == [18] Changed {52}, Perturbations {8}
     [66, 66, 72, 66, 66, 78, 78, 72, 72, 18] -> [18] 0.648, [72] 0.126, [64] 0.013
     [66,  5,  0,  5,  0,  0, 78,  0,  0,  4] -> [72] 0.101, [ 0] 0.088, [ 2] 0.038
  == [66, XX, XX, XX, XX, XX, 78, XX, XX, XX]
  -> [- ,  5,  0,  5,  0,  0, - ,  0,  0,  4]

214: [89, 89, 89, 89, 89, 89, 18, 18, 18, 18] == [18] Changed {52}, Perturbations {10}
     [89, 89, 89, 89, 89, 89, 18, 18, 18, 18] -> [18] 0.757, [72] 0.072, [64] 0.011
     [ 0,  5,  5,  5,  7,  7,  4,  0,  0,  0] -> [ 0] 0.763, [72] 0.041, [ 2] 0.018
  == [XX, XX, XX, XX, XX, XX, XX, XX, XX, XX]
  -> [ 0,  5,  5,  5,  7,  7,  4,  0,  0,  0]

215: [66, 72, 66, 66, 78, 78, 72, 72, 18, 18] == [18] Changed {52}, Perturbations {7}
     [66, 72, 66, 66, 78, 78, 72, 72, 18, 18] -> [18] 0.584, [72] 0.158, [64] 0.015
     [66,  5,  5,  5,  1,  0, 72, 72,  4,  4] -> [72] 0.223, [64] 0.042, [86] 0.026
  == [66, XX, XX, XX, XX, XX, 72, 72, XX, XX]
  -> [- ,  5,  5,  5,  1,  0, - , - ,  4,  4]

216: [89, 89, 89, 89, 89, 18, 18, 18, 18, 18] == [18] Changed {52}, Perturbations {9}
     [89, 89, 89, 89, 89, 18, 18, 18, 18, 18] -> [18] 0.767, [72] 0.069, [64] 0.010
     [89,  5,  5,  5,  7,  0,  4,  0,  0,  0] -> [ 0] 0.779, [72] 0.039, [ 2] 0.017
  == [89, XX, XX, XX, XX, XX, XX, XX, XX, XX]
  -> [- ,  5,  5,  5,  7,  0,  4,  0,  0,  0]

217: [72, 66, 66, 78, 78, 72, 72, 18, 18, 18] == [18] Changed {52}, Perturbations {7}
     [72, 66, 66, 78, 78, 72, 72, 18, 18, 18] -> [18] 0.664, [72] 0.120, [64] 0.013
     [72,  5,  5,  5,  9, 72, 72,  4,  4,  0] -> [ 0] 0.600, [72] 0.088, [ 2] 0.025
  == [72, XX, XX, XX, XX, 72, 72, XX, XX, XX]
  -> [- ,  5,  5,  5,  9, - , - ,  4,  4,  0]

218: [89, 89, 89, 89, 18, 18, 18, 18, 18, 18] == [18] Changed {52}, Perturbations {9}
     [89, 89, 89, 89, 18, 18, 18, 18, 18, 18] -> [18] 0.766, [72] 0.069, [64] 0.010
     [89,  5,  5,  5,  7,  0,  4,  0,  0,  0] -> [ 0] 0.779, [72] 0.039, [ 2] 0.017
  == [89, XX, XX, XX, XX, XX, XX, XX, XX, XX]
  -> [- ,  5,  5,  5,  7,  0,  4,  0,  0,  0]

219: [66, 66, 78, 78, 72, 72, 18, 18, 18, 18] == [18] Changed {52}, Perturbations {8}
     [66, 66, 78, 78, 72, 72, 18, 18, 18, 18] -> [18] 0.677, [72] 0.111, [64] 0.012
     [ 5,  5,  5,  9, 72, 72,  3,  4,  4,  0] -> [ 0] 0.580, [72] 0.087, [ 2] 0.026
  == [XX, XX, XX, XX, 72, 72, XX, XX, XX, XX]
  -> [ 5,  5,  5,  9, - , - ,  3,  4,  4,  0]

220: [89, 89, 89, 18, 18, 18, 18, 18, 18, 18] == [18] Changed {52}, Perturbations {9}
     [89, 89, 89, 18, 18, 18, 18, 18, 18, 18] -> [18] 0.770, [72] 0.067, [64] 0.010
     [89,  0,  0,  5,  7,  0,  4,  0,  0,  0] -> [ 0] 0.791, [72] 0.037, [ 2] 0.016
  == [89, XX, XX, XX, XX, XX, XX, XX, XX, XX]
  -> [- ,  0,  0,  5,  7,  0,  4,  0,  0,  0]

221: [66, 78, 78, 72, 72, 18, 18, 18, 18, 18] == [18] Changed {52}, Perturbations {6}
     [66, 78, 78, 72, 72, 18, 18, 18, 18, 18] -> [18] 0.724, [72] 0.089, [64] 0.011
     [ 0, 78, 78, 72, 72,  7,  4,  0,  5,  0] -> [ 0] 0.707, [72] 0.055, [ 2] 0.020
  == [XX, 78, 78, 72, 72, XX, XX, XX, XX, XX]
  -> [ 0, - , - , - , - ,  7,  4,  0,  5,  0]

222: [89, 89, 18, 18, 18, 18, 18, 18, 18, 18] == [18] Changed {52}, Perturbations {8}
     [89, 89, 18, 18, 18, 18, 18, 18, 18, 18] -> [18] 0.780, [72] 0.064, [64] 0.009
     [89, 89,  0,  0,  5,  0,  4,  0,  0,  0] -> [ 0] 0.793, [72] 0.037, [ 2] 0.016
  == [89, 89, XX, XX, XX, XX, XX, XX, XX, XX]
  -> [- , - ,  0,  0,  5,  0,  4,  0,  0,  0]

223: [42, 42, 42, 72, 42, 72, 42, 72, 42, 42] == [42] Changed {52}, Perturbations {7}
     [42, 42, 42, 72, 42, 72, 42, 72, 42, 42] -> [42] 0.570, [72] 0.241, [22] 0.033
     [ 0,  0,  0, 72,  0, 72,  0, 72,  0,  0] -> [ 0] 0.668, [72] 0.094, [ 2] 0.019
  == [XX, XX, XX, 72, XX, 72, XX, 72, XX, XX]
  -> [ 0,  0,  0, - ,  0, - ,  0, - ,  0,  0]

224: [66, 78, 78, 42, 42, 72, 72, 72, 72, 42] == [42] Changed {52}, Perturbations {9}
     [66, 78, 78, 42, 42, 72, 72, 72, 72, 42] -> [42] 0.607, [72] 0.190, [78] 0.036
     [ 0,  0,  0,  0, 42,  0,  7,  7,  0,  0] -> [ 0] 0.726, [72] 0.048, [ 2] 0.020
  == [XX, XX, XX, XX, 42, XX, XX, XX, XX, XX]
  -> [ 0,  0,  0,  0, - ,  0,  7,  7,  0,  0]

227: [42, 72, 42, 72, 42, 72, 42, 42, 42, 72] == [72] Changed {52}, Perturbations {5}
     [42, 72, 42, 72, 42, 72, 42, 42, 42, 72] -> [72] 0.578, [42] 0.221, [22] 0.023
     [42,  1, 42,  1, 42,  1,  1, 42, 42,  1] -> [ 1] 0.245, [15] 0.116, [42] 0.033
  == [42, XX, 42, XX, 42, XX, XX, 42, 42, XX]
  -> [- ,  1, - ,  1, - ,  1,  1, - , - ,  1]

228: [72, 42, 72, 42, 72, 42, 42, 42, 72, 72] == [72] Changed {52}, Perturbations {4}
     [72, 42, 72, 42, 72, 42, 42, 42, 72, 72] -> [72] 0.536, [42] 0.262, [22] 0.025
     [ 1, 42,  1, 42, 72, 42,  1, 42, 72,  1] -> [ 1] 0.219, [15] 0.114, [72] 0.044
  == [XX, 42, XX, 42, 72, 42, XX, 42, 72, XX]
  -> [ 1, - ,  1, - , - , - ,  1, - , - ,  1]

229: [42, 72, 42, 72, 42, 42, 42, 72, 72, 72] == [72] Changed {54}, Perturbations {4}
     [42, 72, 42, 72, 42, 42, 42, 72, 72, 72] -> [72] 0.585, [42] 0.215, [22] 0.022
51   [42,  1, 42,  1, 42, 42, 42,  1, 72, 72] -> [72] 0.482, [42] 0.174, [22] 0.032
     [42,  1, 42,  1, 42, 42, 42,  1, 72,  1] -> [ 1] 0.235, [15] 0.117, [72] 0.037
  == [42, XX, 42, XX, 42, 42, 42, XX, 72, XX]
  -> [- ,  1, - ,  1, - , - , - ,  1, - ,  1]

232: [86, 87, 87, 86, 66, 66, 66, 66, 84, 72] == [72] Changed {52}, Perturbations {6}
     [86, 87, 87, 86, 66, 66, 66, 66, 84, 72] -> [72] 0.528, [66] 0.072, [86] 0.051
     [86,  5,  1, 86,  1, 66,  1, 66,  4,  1] -> [ 1] 0.153, [15] 0.119, [72] 0.038
  == [86, XX, XX, 86, XX, 66, XX, 66, XX, XX]
  -> [- ,  5,  1, - ,  1, - ,  1, - ,  4,  1]

235: [89, 89, 89, 89, 89, 89, 89, 89, 13, 13] == [13] Changed {52}, Perturbations {5}
     [89, 89, 89, 89, 89, 89, 89, 89, 13, 13] -> [13] 0.788, [72] 0.029, [57] 0.009
     [89, 89, 89, 89, 89,  0,  1,  0,  4,  0] -> [ 0] 0.718, [72] 0.049, [ 2] 0.020
  == [89, 89, 89, 89, 89, XX, XX, XX, XX, XX]
  -> [- , - , - , - , - ,  0,  1,  0,  4,  0]

236: [83, 83, 83, 83, 83, 83, 83, 83, 44, 13] == [13] Changed {52}, Perturbations {2}
     [83, 83, 83, 83, 83, 83, 83, 83, 44, 13] -> [13] 0.472, [72] 0.077, [83] 0.021
     [83, 83, 83, 83, 83, 83,  0, 83, 44,  4] -> [72] 0.145, [83] 0.069, [64] 0.041
  == [83, 83, 83, 83, 83, 83, XX, 83, 44, XX]
  -> [- , - , - , - , - , - ,  0, - , - ,  4]

237: [89, 89, 89, 89, 89, 89, 89, 13, 13, 13] == [13] Changed {52}, Perturbations {10}
     [89, 89, 89, 89, 89, 89, 89, 13, 13, 13] -> [13] 0.864, [72] 0.015, [57] 0.005
     [ 0,  5,  5,  5,  7,  4,  3,  0,  0,  0] -> [ 0] 0.763, [72] 0.041, [ 2] 0.018
  == [XX, XX, XX, XX, XX, XX, XX, XX, XX, XX]
  -> [ 0,  5,  5,  5,  7,  4,  3,  0,  0,  0]

238: [72,  2,  2,  2,  2,  2,  2,  2,  2, 72] == [72] Changed {52}, Perturbations {3}
     [72,  2,  2,  2,  2,  2,  2,  2,  2, 72] -> [72] 0.661, [ 2] 0.090, [64] 0.025
     [ 0,  2,  2,  2,  2,  2,  2,  2,  1,  1] -> [ 1] 0.205, [15] 0.133, [ 2] 0.099
  == [XX,  2,  2,  2,  2,  2,  2,  2, XX, XX]
  -> [ 0, - , - , - , - , - , - , - ,  1,  1]

240: [78, 78, 42, 42, 72, 72, 72, 72, 42, 42] == [42] Changed {52}, Perturbations {6}
     [78, 78, 42, 42, 72, 72, 72, 72, 42, 42] -> [42] 0.540, [72] 0.256, [78] 0.036
     [ 0,  0,  0,  0, 72, 72, 72, 72,  0,  0] -> [ 0] 0.721, [72] 0.069, [ 2] 0.018
  == [XX, XX, XX, XX, 72, 72, 72, 72, XX, XX]
  -> [ 0,  0,  0,  0, - , - , - , - ,  0,  0]

244: [ 2,  2,  2,  2,  2,  2,  2, 72, 44, 44] == [72] Changed {52}, Perturbations {6}
     [ 2,  2,  2,  2,  2,  2,  2, 72, 44, 44] -> [72] 0.575, [44] 0.202, [ 2] 0.028
     [ 2,  2,  1,  1,  1,  1,  2,  0, 44,  0] -> [ 0] 0.699, [72] 0.049, [ 2] 0.028
  == [ 2,  2, XX, XX, XX, XX,  2, XX, 44, XX]
  -> [- , - ,  1,  1,  1,  1, - ,  0, - ,  0]

245: [83, 83, 83, 83, 83, 44, 13, 13, 44, 72] == [72] Changed {52}, Perturbations {6}
     [83, 83, 83, 83, 83, 44, 13, 13, 44, 72] -> [72] 0.598, [13] 0.039, [44] 0.039
     [ 0,  0, 83,  0,  0,  0, 13, 13, 44,  1] -> [ 1] 0.113, [15] 0.067, [72] 0.049
  == [XX, XX, 83, XX, XX, XX, 13, 13, 44, XX]
  -> [ 0,  0, - ,  0,  0,  0, - , - , - ,  1]

246: [ 2,  2,  2,  2,  2,  2, 72, 44, 44, 72] == [72] Changed {52}, Perturbations {2}
     [ 2,  2,  2,  2,  2,  2, 72, 44, 44, 72] -> [72] 0.517, [44] 0.228, [ 2] 0.041
     [ 2,  2,  2,  2,  2,  2,  0, 44, 44,  1] -> [ 1] 0.107, [15] 0.096, [ 2] 0.067
  == [ 2,  2,  2,  2,  2,  2, XX, 44, 44, XX]
  -> [- , - , - , - , - , - ,  0, - , - ,  1]

248: [87, 87, 86, 86, 87, 66, 66, 66, 66, 79] == [81] Changed {52}, Perturbations {8}
     [87, 87, 86, 86, 87, 66, 66, 66, 66, 79] -> [81] 0.297, [74] 0.193, [79] 0.087
     [ 5,  5, 86, 86,  1,  0,  1,  4,  4,  4] -> [72] 0.079, [64] 0.037, [86] 0.025
  == [XX, XX, 86, 86, XX, XX, XX, XX, XX, XX]
  -> [ 5,  5, - , - ,  1,  0,  1,  4,  4,  4]

249: [89, 89, 89, 89, 89, 89, 89, 89, 64, 79] == [81] Changed {52}, Perturbations {4}
     [89, 89, 89, 89, 89, 89, 89, 89, 64, 79] -> [81] 0.339, [74] 0.190, [76] 0.079
     [89, 89, 89, 89, 89, 89,  0,  0,  0,  4] -> [ 0] 0.154, [72] 0.112, [ 2] 0.039
  == [89, 89, 89, 89, 89, 89, XX, XX, XX, XX]
  -> [- , - , - , - , - , - ,  0,  0,  0,  4]

252: [87, 86, 66, 66, 66, 66, 84, 72, 72, 17] == [17] Changed {52}, Perturbations {5}
     [87, 86, 66, 66, 66, 66, 84, 72, 72, 17] -> [17] 0.804, [16] 0.023, [72] 0.015
     [87, 86, 66, 66,  0, 66,  0,  0,  0,  0] -> [ 0] 0.791, [72] 0.036, [ 2] 0.016
  == [87, 86, 66, 66, XX, 66, XX, XX, XX, XX]
  -> [- , - , - , - ,  0, - ,  0,  0,  0,  0]

253: [ 2,  2,  2,  2, 72, 44, 44, 72, 72, 17] == [17] Changed {52}, Perturbations {10}
     [ 2,  2,  2,  2, 72, 44, 44, 72, 72, 17] -> [17] 0.803, [16] 0.023, [72] 0.014
     [ 0,  0,  0,  0,  5,  0,  1,  4,  0,  0] -> [ 0] 0.733, [72] 0.044, [ 2] 0.020
  == [XX, XX, XX, XX, XX, XX, XX, XX, XX, XX]
  -> [ 0,  0,  0,  0,  5,  0,  1,  4,  0,  0]

254: [86, 66, 66, 66, 66, 84, 72, 72, 17, 17] == [17] Changed {52}, Perturbations {7}
     [86, 66, 66, 66, 66, 84, 72, 72, 17, 17] -> [17] 0.771, [16] 0.024, [72] 0.021
     [86,  0,  0,  0,  0,  0, 72, 72,  4,  0] -> [ 0] 0.687, [72] 0.071, [ 2] 0.020
  == [86, XX, XX, XX, XX, XX, 72, 72, XX, XX]
  -> [- ,  0,  0,  0,  0,  0, - , - ,  4,  0]

255: [ 2,  2,  2, 72, 44, 44, 72, 72, 17, 17] == [17] Changed {52}, Perturbations {5}
     [ 2,  2,  2, 72, 44, 44, 72, 72, 17, 17] -> [17] 0.753, [16] 0.024, [72] 0.023
     [ 0,  2,  2, 72,  1,  0, 72, 72,  4,  0] -> [ 0] 0.666, [72] 0.077, [ 2] 0.024
  == [XX,  2,  2, 72, XX, XX, 72, 72, XX, XX]
  -> [ 0, - , - , - ,  1,  0, - , - ,  4,  0]

256: [66, 66, 66, 66, 84, 72, 72, 17, 17, 17] == [17] Changed {52}, Perturbations {8}
     [66, 66, 66, 66, 84, 72, 72, 17, 17, 17] -> [17] 0.795, [16] 0.023, [72] 0.016
     [ 0,  5,  5,  9,  9, 72, 72,  0,  0,  0] -> [ 0] 0.751, [72] 0.051, [ 2] 0.017
  == [XX, XX, XX, XX, XX, 72, 72, XX, XX, XX]
  -> [ 0,  5,  5,  9,  9, - , - ,  0,  0,  0]

257: [ 2,  2, 72, 44, 44, 72, 72, 17, 17, 17] == [17] Changed {52}, Perturbations {6}
     [ 2,  2, 72, 44, 44, 72, 72, 17, 17, 17] -> [17] 0.781, [16] 0.024, [72] 0.019
     [ 0,  2, 72,  5,  9, 72, 72,  0,  0,  0] -> [ 0] 0.755, [72] 0.051, [ 2] 0.018
  == [XX,  2, 72, XX, XX, 72, 72, XX, XX, XX]
  -> [ 0, - , - ,  5,  9, - , - ,  0,  0,  0]

258: [ 2, 72, 44, 44, 72, 72, 17, 17, 17, 17] == [17] Changed {52}, Perturbations {7}
     [ 2, 72, 44, 44, 72, 72, 17, 17, 17, 17] -> [17] 0.781, [16] 0.023, [72] 0.020
     [ 0,  5,  5,  9, 72, 72, 17,  0,  0,  0] -> [ 0] 0.749, [72] 0.052, [ 2] 0.017
  == [XX, XX, XX, XX, 72, 72, 17, XX, XX, XX]
  -> [ 0,  5,  5,  9, - , - , - ,  0,  0,  0]

260: [72, 44, 44, 72, 72, 17, 17, 17, 17, 17] == [17] Changed {52}, Perturbations {7}
     [72, 44, 44, 72, 72, 17, 17, 17, 17, 17] -> [17] 0.799, [16] 0.023, [72] 0.017
     [72,  0,  0, 72, 72,  0,  4,  0,  0,  0] -> [ 0] 0.787, [72] 0.041, [ 2] 0.016
  == [72, XX, XX, 72, 72, XX, XX, XX, XX, XX]
  -> [- ,  0,  0, - , - ,  0,  4,  0,  0,  0]

261: [15, 15, 15,  0,  0, 29, 29,  2,  2, 17] == [17] Changed {52}, Perturbations {3}
     [15, 15, 15,  0,  0, 29, 29,  2,  2, 17] -> [17] 0.693, [16] 0.026, [ 0] 0.023
     [15,  0,  0,  0,  0, 29, 29,  2,  2,  0] -> [ 0] 0.693, [ 2] 0.048, [72] 0.043
  == [15, XX, XX,  0,  0, 29, 29,  2,  2, XX]
  -> [- ,  0,  0, - , - , - , - , - , - ,  0]

264: [44, 44, 72, 72, 17, 17, 17, 17, 17, 17] == [17] Changed {52}, Perturbations {8}
     [44, 44, 72, 72, 17, 17, 17, 17, 17, 17] -> [17] 0.809, [16] 0.022, [72] 0.015
     [ 0,  0, 72, 72,  0,  0,  4,  0,  0,  0] -> [ 0] 0.795, [72] 0.038, [ 2] 0.015
  == [XX, XX, 72, 72, XX, XX, XX, XX, XX, XX]
  -> [ 0,  0, - , - ,  0,  0,  4,  0,  0,  0]

265: [66, 84, 72, 72, 17, 17, 17, 17, 16, 17] == [17] Changed {52}, Perturbations {6}
     [66, 84, 72, 72, 17, 17, 17, 17, 16, 17] -> [17] 0.756, [16] 0.037, [72] 0.018
     [66,  0, 72, 72,  0,  0,  0,  0, 16,  0] -> [ 0] 0.738, [72] 0.047, [ 2] 0.018
  == [66, XX, 72, 72, XX, XX, XX, XX, 16, XX]
  -> [- ,  0, - , - ,  0,  0,  0,  0, - ,  0]

266: [44, 72, 72, 17, 17, 17, 17, 17, 17, 17] == [17] Changed {52}, Perturbations {8}
     [44, 72, 72, 17, 17, 17, 17, 17, 17, 17] -> [17] 0.816, [16] 0.022, [72] 0.014
     [ 0, 72, 72,  0,  0,  0,  4,  0,  0,  0] -> [ 0] 0.797, [72] 0.038, [ 2] 0.015
  == [XX, 72, 72, XX, XX, XX, XX, XX, XX, XX]
  -> [ 0, - , - ,  0,  0,  0,  4,  0,  0,  0]

267: [84, 72, 72, 17, 17, 17, 17, 16, 17, 17] == [17] Changed {52}, Perturbations {5}
     [84, 72, 72, 17, 17, 17, 17, 16, 17, 17] -> [17] 0.749, [16] 0.043, [72] 0.018
     [84, 72, 72,  0,  0,  0, 17, 16,  0,  0] -> [ 0] 0.675, [72] 0.058, [ 2] 0.020
  == [84, 72, 72, XX, XX, XX, 17, 16, XX, XX]
  -> [- , - , - ,  0,  0,  0, - , - ,  0,  0]

268: [72, 72, 17, 17, 17, 17, 17, 17, 17, 17] == [17] Changed {52}, Perturbations {8}
     [72, 72, 17, 17, 17, 17, 17, 17, 17, 17] -> [17] 0.823, [16] 0.022, [72] 0.013
     [72, 72,  0,  0,  0,  0,  0,  0,  0,  0] -> [ 0] 0.801, [72] 0.037, [ 2] 0.015
  == [72, 72, XX, XX, XX, XX, XX, XX, XX, XX]
  -> [- , - ,  0,  0,  0,  0,  0,  0,  0,  0]

269: [72, 72, 17, 17, 17, 17, 16, 17, 17, 17] == [17] Changed {52}, Perturbations {7}
     [72, 72, 17, 17, 17, 17, 16, 17, 17, 17] -> [17] 0.818, [16] 0.023, [72] 0.013
     [72, 72,  0,  0,  0,  0, 16,  0,  0,  0] -> [ 0] 0.796, [72] 0.038, [ 2] 0.015
  == [72, 72, XX, XX, XX, XX, 16, XX, XX, XX]
  -> [- , - ,  0,  0,  0,  0, - ,  0,  0,  0]

270: [72, 17, 17, 17, 17, 17, 17, 17, 17, 17] == [17] Changed {52}, Perturbations {9}
     [72, 17, 17, 17, 17, 17, 17, 17, 17, 17] -> [17] 0.829, [16] 0.022, [72] 0.012
     [72,  0,  0,  0,  0,  0,  0,  0,  0,  0] -> [ 0] 0.805, [72] 0.035, [ 2] 0.015
  == [72, XX, XX, XX, XX, XX, XX, XX, XX, XX]
  -> [- ,  0,  0,  0,  0,  0,  0,  0,  0,  0]

271: [17, 17, 17, 17, 17, 17, 17, 17, 17, 17] == [17] Changed {52}, Perturbations {10}
     [17, 17, 17, 17, 17, 17, 17, 17, 17, 17] -> [17] 0.836, [16] 0.021, [ 0] 0.011
     [ 0,  0,  0,  0,  0,  0,  0,  0,  0,  0] -> [ 0] 0.812, [72] 0.033, [ 2] 0.015
  == [XX, XX, XX, XX, XX, XX, XX, XX, XX, XX]
  -> [ 0,  0,  0,  0,  0,  0,  0,  0,  0,  0]

272: [15, 15,  0,  0, 29, 29,  2,  2, 17, 17] == [17] Changed {52}, Perturbations {4}
     [15, 15,  0,  0, 29, 29,  2,  2, 17, 17] -> [17] 0.725, [16] 0.026, [ 0] 0.021
     [ 0,  0,  0,  0, 29, 29,  2,  2,  0,  0] -> [ 0] 0.709, [72] 0.043, [ 2] 0.041
  == [XX, XX,  0,  0, 29, 29,  2,  2, XX, XX]
  -> [ 0,  0, - , - , - , - , - , - ,  0,  0]

273: [15,  0,  0, 29, 29,  2,  2, 17, 17, 17] == [17] Changed {52}, Perturbations {5}
     [15,  0,  0, 29, 29,  2,  2, 17, 17, 17] -> [17] 0.793, [16] 0.024, [ 0] 0.015
     [ 0,  0,  0, 29, 29,  0,  2,  0,  0,  0] -> [ 0] 0.800, [72] 0.035, [ 2] 0.016
  == [XX,  0,  0, 29, 29, XX,  2, XX, XX, XX]
  -> [ 0, - , - , - , - ,  0, - ,  0,  0,  0]

275: [17, 17, 17, 17, 16, 17, 17, 17, 17, 16] == [16] Changed {52}, Perturbations {2}
     [17, 17, 17, 17, 16, 17, 17, 17, 17, 16] -> [16] 0.424, [17] 0.257, [72] 0.021
     [17, 17, 17, 17,  0, 17, 17, 17, 17,  1] -> [17] 0.136, [ 1] 0.128, [15] 0.100
  == [17, 17, 17, 17, XX, 17, 17, 17, 17, XX]
  -> [- , - , - , - ,  0, - , - , - , - ,  1]

276: [89, 89, 89, 89, 89, 89, 89, 89, 89, 16] == [16] Changed {52}, Perturbations {5}
     [89, 89, 89, 89, 89, 89, 89, 89, 89, 16] -> [16] 0.686, [17] 0.028, [72] 0.024
     [89, 89, 89, 89, 89,  0,  0,  0,  4,  4] -> [72] 0.109, [ 0] 0.088, [64] 0.036
  == [89, 89, 89, 89, 89, XX, XX, XX, XX, XX]
  -> [- , - , - , - , - ,  0,  0,  0,  4,  4]

278: [17, 17, 16, 17, 17, 17, 17, 16, 16, 17] == [17] Changed {52}, Perturbations {7}
     [17, 17, 16, 17, 17, 17, 17, 16, 16, 17] -> [17] 0.740, [16] 0.057, [72] 0.015
     [ 0,  0,  0,  0,  0,  0, 17, 16, 16,  0] -> [ 0] 0.634, [72] 0.054, [ 2] 0.022
  == [XX, XX, XX, XX, XX, XX, 17, 16, 16, XX]
  -> [ 0,  0,  0,  0,  0,  0, - , - , - ,  0]

279: [17, 16, 17, 17, 17, 17, 16, 16, 17, 17] == [17] Changed {52}, Perturbations {8}
     [17, 16, 17, 17, 17, 17, 16, 16, 17, 17] -> [17] 0.780, [16] 0.040, [72] 0.013
     [ 0,  0,  0,  0,  0,  0, 16, 16,  0,  0] -> [ 0] 0.719, [72] 0.046, [ 2] 0.018
  == [XX, XX, XX, XX, XX, XX, 16, 16, XX, XX]
  -> [ 0,  0,  0,  0,  0,  0, - , - ,  0,  0]

280: [16, 17, 17, 17, 17, 16, 16, 17, 17, 17] == [17] Changed {52}, Perturbations {7}
     [16, 17, 17, 17, 17, 16, 16, 17, 17, 17] -> [17] 0.809, [16] 0.030, [72] 0.012
     [16,  0,  0,  0,  0, 16, 16,  0,  0,  0] -> [ 0] 0.784, [72] 0.037, [ 2] 0.016
  == [16, XX, XX, XX, XX, 16, 16, XX, XX, XX]
  -> [- ,  0,  0,  0,  0, - , - ,  0,  0,  0]

284: [ 2,  2,  2,  2,  2,  2,  2,  2, 72, 72] == [72] Changed {52}, Perturbations {2}
     [ 2,  2,  2,  2,  2,  2,  2,  2, 72, 72] -> [72] 0.601, [ 2] 0.138, [64] 0.025
     [ 2,  2,  2,  2,  2,  2,  2,  2,  0,  1] -> [ 1] 0.142, [15] 0.129, [ 2] 0.123
  == [ 2,  2,  2,  2,  2,  2,  2,  2, XX, XX]
  -> [- , - , - , - , - , - , - , - ,  0,  1]

285: [17, 17, 17, 17, 17, 17, 17, 44, 72, 87] == [86] Changed {52}, Perturbations {8}
     [17, 17, 17, 17, 17, 17, 17, 44, 72, 87] -> [86] 0.658, [87] 0.081, [66] 0.056
     [ 7,  7,  5,  5,  0, 17, 17,  0,  0,  4] -> [ 0] 0.103, [72] 0.096, [ 2] 0.039
  == [XX, XX, XX, XX, XX, 17, 17, XX, XX, XX]
  -> [ 7,  7,  5,  5,  0, - , - ,  0,  0,  4]

286: [42, 42, 72, 72, 72, 72, 42, 42, 42, 87] == [86] Changed {52}, Perturbations {6}
     [42, 42, 72, 72, 72, 72, 42, 42, 42, 87] -> [86] 0.656, [87] 0.073, [66] 0.058
     [ 1,  1, 72, 72, 72, 72,  0,  1,  7,  7] -> [72] 0.188, [64] 0.043, [57] 0.021
  == [XX, XX, 72, 72, 72, 72, XX, XX, XX, XX]
  -> [ 1,  1, - , - , - , - ,  0,  1,  7,  7]

290: [17, 17, 17, 17, 17, 17, 44, 72, 87, 86] == [86] Changed {52}, Perturbations {9}
     [17, 17, 17, 17, 17, 17, 44, 72, 87, 86] -> [86] 0.311, [87] 0.257, [66] 0.185
     [ 7,  7,  7,  7,  7,  7, 44,  8,  6,  0] -> [ 0] 0.616, [72] 0.060, [ 2] 0.027
  == [XX, XX, XX, XX, XX, XX, 44, XX, XX, XX]
  -> [ 7,  7,  7,  7,  7,  7, - ,  8,  6,  0]

291: [72, 72, 72, 72, 42, 42, 42, 87, 86, 86] == [87] Changed {52}, Perturbations {3}
     [72, 72, 72, 72, 42, 42, 42, 87, 86, 86] -> [87] 0.761, [86] 0.097, [66] 0.026
     [72, 72, 72, 72, 42, 42,  1, 87,  4,  4] -> [86] 0.147, [72] 0.143, [66] 0.063
  == [72, 72, 72, 72, 42, 42, XX, 87, XX, XX]
  -> [- , - , - , - , - , - ,  1, - ,  4,  4]

292: [17, 17, 17, 17, 17, 44, 72, 87, 86, 86] == [87] Changed {52}, Perturbations {6}
     [17, 17, 17, 17, 17, 44, 72, 87, 86, 86] -> [87] 0.795, [86] 0.082, [66] 0.017
     [ 4,  5,  2, 17, 17,  2, 72, 87,  4,  4] -> [86] 0.125, [72] 0.088, [66] 0.047
  == [XX, XX, XX, 17, 17, XX, 72, 87, XX, XX]
  -> [ 4,  5,  2, - , - ,  2, - , - ,  4,  4]

293: [17, 17, 17, 17, 44, 72, 87, 86, 86, 87] == [66] Changed {52}, Perturbations {4}
     [17, 17, 17, 17, 44, 72, 87, 86, 86, 87] -> [66] 0.339, [87] 0.268, [86] 0.266
     [ 0,  0, 17, 17,  0, 72, 87, 86, 86,  4] -> [87] 0.196, [86] 0.084, [72] 0.080
  == [XX, XX, 17, 17, XX, 72, 87, 86, 86, XX]
  -> [ 0,  0, - , - ,  0, - , - , - , - ,  4]

294: [72, 72, 72, 42, 42, 42, 87, 86, 86, 87] == [66] Changed {52}, Perturbations {4}
     [72, 72, 72, 42, 42, 42, 87, 86, 86, 87] -> [66] 0.335, [87] 0.272, [86] 0.263
     [72, 72, 72,  0,  0,  0, 87, 86, 86,  4] -> [87] 0.258, [86] 0.092, [72] 0.062
  == [72, 72, 72, XX, XX, XX, 87, 86, 86, XX]
  -> [- , - , - ,  0,  0,  0, - , - , - ,  4]

295: [17, 17, 17, 44, 72, 87, 86, 86, 87, 66] == [66] Changed {52}, Perturbations {3}
     [17, 17, 17, 44, 72, 87, 86, 86, 87, 66] -> [66] 0.740, [72] 0.048, [86] 0.043
     [17, 17, 17, 44, 72, 87,  3,  0, 87,  0] -> [ 0] 0.474, [72] 0.078, [86] 0.057
  == [17, 17, 17, 44, 72, 87, XX, XX, 87, XX]
  -> [- , - , - , - , - , - ,  3,  0, - ,  0]

296: [72, 72, 42, 42, 42, 87, 86, 86, 87, 66] == [66] Changed {52}, Perturbations {4}
     [72, 72, 42, 42, 42, 87, 86, 86, 87, 66] -> [66] 0.744, [72] 0.048, [86] 0.040
     [72, 72, 42, 42,  0, 87,  1,  0, 87,  0] -> [ 0] 0.459, [72] 0.089, [86] 0.057
  == [72, 72, 42, 42, XX, 87, XX, XX, 87, XX]
  -> [- , - , - , - ,  0, - ,  1,  0, - ,  0]

299: [17, 44, 72, 87, 86, 86, 87, 66, 66, 86] == [87] Changed {52}, Perturbations {5}
     [17, 44, 72, 87, 86, 86, 87, 66, 66, 86] -> [87] 0.571, [66] 0.129, [86] 0.113
     [ 4, 44,  0,  0, 86,  0, 87, 66, 66,  4] -> [66] 0.200, [72] 0.142, [86] 0.059
  == [XX, 44, XX, XX, 86, XX, 87, 66, 66, XX]
  -> [ 4, - ,  0,  0, - ,  0, - , - , - ,  4]

300: [42, 42, 42, 87, 86, 86, 87, 66, 66, 86] == [87] Changed {52}, Perturbations {4}
     [42, 42, 42, 87, 86, 86, 87, 66, 66, 86] -> [87] 0.512, [66] 0.164, [86] 0.119
     [42, 42, 42,  0,  0,  0, 87, 66, 66,  4] -> [66] 0.196, [72] 0.146, [86] 0.059
  == [42, 42, 42, XX, XX, XX, 87, 66, 66, XX]
  -> [- , - , - ,  0,  0,  0, - , - , - ,  4]

306: [86, 86, 87, 66, 66, 86, 87, 86, 87, 66] == [66] Changed {52}, Perturbations {3}
     [86, 86, 87, 66, 66, 86, 87, 86, 87, 66] -> [66] 0.722, [87] 0.054, [86] 0.052
     [86, 86,  0, 66, 66, 86, 87, 86,  0,  0] -> [ 0] 0.615, [72] 0.061, [87] 0.026
  == [86, 86, XX, 66, 66, 86, 87, 86, XX, XX]
  -> [- , - ,  0, - , - , - , - , - ,  0,  0]

308: [64, 84, 83, 64, 57, 75, 44, 83, 72, 57] == [57] Changed {52}, Perturbations {7}
     [64, 84, 83, 64, 57, 75, 44, 83, 72, 57] -> [57] 0.301, [58] 0.174, [64] 0.164
     [64,  4, 83, 64,  1,  1,  1,  0,  4,  4] -> [72] 0.089, [64] 0.059, [ 0] 0.034
  == [64, XX, 83, 64, XX, XX, XX, XX, XX, XX]
  -> [- ,  4, - , - ,  1,  1,  1,  0,  4,  4]

310: [42, 72, 42, 42, 42, 72, 72, 72, 72, 42] == [42] Changed {52}, Perturbations {7}
     [42, 72, 42, 42, 42, 72, 72, 72, 72, 42] -> [42] 0.613, [72] 0.202, [22] 0.032
     [ 0, 72,  0,  0, 42, 72,  0,  7,  0,  0] -> [ 0] 0.688, [72] 0.064, [ 2] 0.021
  == [XX, 72, XX, XX, 42, 72, XX, XX, XX, XX]
  -> [ 0, - ,  0,  0, - , - ,  0,  7,  0,  0]

312: [ 2,  2,  2,  2,  2,  2,  2, 72, 72, 72] == [72] Changed {52}, Perturbations {8}
     [ 2,  2,  2,  2,  2,  2,  2, 72, 72, 72] -> [72] 0.767, [ 2] 0.027, [64] 0.024
     [ 2,  1,  1,  1,  1,  2,  1,  1,  1,  1] -> [ 1] 0.359, [15] 0.140, [ 2] 0.026
  == [ 2, XX, XX, XX, XX,  2, XX, XX, XX, XX]
  -> [- ,  1,  1,  1,  1, - ,  1,  1,  1,  1]

313: [ 2,  2,  2,  2,  2,  2, 72, 72, 72, 72] == [72] Changed {52}, Perturbations {7}
     [ 2,  2,  2,  2,  2,  2, 72, 72, 72, 72] -> [72] 0.742, [ 2] 0.039, [64] 0.025
     [ 2,  1,  1,  1,  1,  2, 72,  1,  1,  1] -> [ 1] 0.346, [15] 0.139, [ 2] 0.028
  == [ 2, XX, XX, XX, XX,  2, 72, XX, XX, XX]
  -> [- ,  1,  1,  1,  1, - , - ,  1,  1,  1]

316: [89, 89, 89, 89, 89, 89, 64, 64, 64, 72] == [64] Changed {52}, Perturbations {8}
     [89, 89, 89, 89, 89, 89, 64, 64, 64, 72] -> [64] 0.461, [72] 0.385, [57] 0.020
     [ 0,  0,  8,  4,  4,  0, 64,  0, 64,  0] -> [ 0] 0.767, [72] 0.041, [ 2] 0.017
  == [XX, XX, XX, XX, XX, XX, 64, XX, 64, XX]
  -> [ 0,  0,  8,  4,  4,  0, - ,  0, - ,  0]

317: [ 2,  2,  2,  2, 72, 72, 72, 72, 72, 64] == [64] Changed {53}, Perturbations {6}
     [ 2,  2,  2,  2, 72, 72, 72, 72, 72, 64] -> [64] 0.597, [72] 0.216, [57] 0.021
51   [ 2,  0,  0,  0,  5, 72,  0, 72,  0, 64] -> [64] 0.392, [72] 0.387, [57] 0.024
     [ 2,  0,  0,  0,  5, 72,  0, 72,  0, 64] -> [72] 0.391, [64] 0.389, [57] 0.024
  == [ 2, XX, XX, XX, XX, 72, XX, 72, XX, 64]
  -> [- ,  0,  0,  0,  5, - ,  0, - ,  0, - ]

319: [64, 57, 75, 44, 83, 72, 57, 57, 58, 72] == [72] Changed {52}, Perturbations {5}
     [64, 57, 75, 44, 83, 72, 57, 57, 58, 72] -> [72] 0.615, [64] 0.104, [57] 0.058
     [64, 57, 75,  1,  0,  1,  0, 57, 58,  1] -> [ 1] 0.204, [15] 0.102, [64] 0.032
  == [64, 57, 75, XX, XX, XX, XX, 57, 58, XX]
  -> [- , - , - ,  1,  0,  1,  0, - , - ,  1]

321: [72, 42, 42, 42, 72, 72, 72, 72, 42, 42] == [42] Changed {52}, Perturbations {5}
     [72, 42, 42, 42, 72, 72, 72, 72, 42, 42] -> [42] 0.520, [72] 0.289, [22] 0.033
     [72,  0,  0,  0, 72, 72, 72, 72,  0,  0] -> [ 0] 0.704, [72] 0.077, [ 2] 0.018
  == [72, XX, XX, XX, 72, 72, 72, 72, XX, XX]
  -> [- ,  0,  0,  0, - , - , - , - ,  0,  0]

322: [87, 66, 66, 86, 87, 86, 87, 66, 66, 42] == [42] Changed {52}, Perturbations {6}
     [87, 66, 66, 86, 87, 86, 87, 66, 66, 42] -> [42] 0.287, [66] 0.249, [72] 0.144
     [ 5,  5,  5, 86,  1, 86, 87, 66,  4,  4] -> [66] 0.116, [72] 0.100, [86] 0.066
  == [XX, XX, XX, 86, XX, 86, 87, 66, XX, XX]
  -> [ 5,  5,  5, - ,  1, - , - , - ,  4,  4]

332: [66, 66, 86, 87, 86, 87, 66, 66, 42, 42] == [42] Changed {52}, Perturbations {6}
     [66, 66, 86, 87, 86, 87, 66, 66, 42, 42] -> [42] 0.505, [72] 0.139, [66] 0.075
     [ 5,  5, 86, 10, 86, 87,  3, 66,  4,  4] -> [66] 0.113, [72] 0.094, [86] 0.078
  == [XX, XX, 86, XX, 86, 87, XX, 66, XX, XX]
  -> [ 5,  5, - , 10, - , - ,  3, - ,  4,  4]

333: [72, 72, 72, 72, 72, 72, 72, 72, 44, 72] == [72] Changed {74}, Perturbations {9}
     [72, 72, 72, 72, 72, 72, 72, 72, 44, 72] -> [72] 0.834, [44] 0.032, [64] 0.016
51   [ 0,  0,  0,  0,  0,  0,  0,  0, 44,  4] -> [72] 0.129, [ 0] 0.119, [44] 0.042
     [ 0,  0,  0,  0,  0,  0,  0,  0, 44,  4] -> [ 0] 0.130, [72] 0.128, [ 2] 0.042
  == [XX, XX, XX, XX, XX, XX, XX, XX, 44, XX]
  -> [ 0,  0,  0,  0,  0,  0,  0,  0, - ,  4]

334: [66, 66, 86, 87, 86, 87, 66, 66, 44, 44] == [72] Changed {3}, Perturbations {0}
     [66, 66, 86, 87, 86, 87, 66, 66, 44, 44] -> [72] 0.233, [44] 0.231, [66] 0.216
     [66, 66, 86, 87, 86, 87, 66, 66, 44, 44] -> [66] 0.231, [72] 0.230, [44] 0.217
  == [66, 66, 86, 87, 86, 87, 66, 66, 44, 44]
  -> [- , - , - , - , - , - , - , - , - , - ]

338: [44, 83, 72, 57, 57, 58, 72, 72, 44, 15] == [15] Changed {52}, Perturbations {4}
     [44, 83, 72, 57, 57, 58, 72, 72, 44, 15] -> [15] 0.664, [72] 0.052, [64] 0.033
     [44,  5, 72, 57, 57,  3, 72, 72,  0,  4] -> [72] 0.264, [64] 0.045, [44] 0.028
  == [44, XX, 72, 57, 57, XX, 72, 72, XX, XX]
  -> [- ,  5, - , - , - ,  3, - , - ,  0,  4]

339: [86, 87, 86, 87, 66, 66, 44, 44, 72, 15] == [15] Changed {52}, Perturbations {8}
     [86, 87, 86, 87, 66, 66, 44, 44, 72, 15] -> [15] 0.733, [72] 0.033, [64] 0.022
     [86,  5, 86,  5,  5,  5,  6,  0,  0,  5] -> [72] 0.096, [ 0] 0.050, [64] 0.047
  == [86, XX, 86, XX, XX, XX, XX, XX, XX, XX]
  -> [- ,  5, - ,  5,  5,  5,  6,  0,  0,  5]

340: [87, 86, 87, 66, 66, 44, 44, 72, 15, 15] == [15] Changed {52}, Perturbations {7}
     [87, 86, 87, 66, 66, 44, 44, 72, 15, 15] -> [15] 0.704, [72] 0.041, [64] 0.024
     [ 5, 86,  5,  5,  2, 44,  1, 72,  4,  4] -> [72] 0.225, [64] 0.040, [44] 0.035
  == [XX, 86, XX, XX, XX, 44, XX, 72, XX, XX]
  -> [ 5, - ,  5,  5,  2, - ,  1, - ,  4,  4]

342: [83, 72, 57, 57, 58, 72, 72, 44, 15, 15] == [15] Changed {52}, Perturbations {3}
     [83, 72, 57, 57, 58, 72, 72, 44, 15, 15] -> [15] 0.656, [72] 0.057, [64] 0.032
     [83, 72, 57, 57,  3, 72, 72, 44,  4,  4] -> [72] 0.256, [64] 0.047, [44] 0.042
  == [83, 72, 57, 57, XX, 72, 72, 44, XX, XX]
  -> [- , - , - , - ,  3, - , - , - ,  4,  4]

343: [86, 87, 66, 66, 44, 44, 72, 15, 15, 15] == [15] Changed {52}, Perturbations {6}
     [86, 87, 66, 66, 44, 44, 72, 15, 15, 15] -> [15] 0.729, [72] 0.034, [64] 0.022
     [86,  5,  5,  7, 44, 44, 72,  3,  4,  4] -> [72] 0.113, [44] 0.036, [64] 0.035
  == [86, XX, XX, XX, 44, 44, 72, XX, XX, XX]
  -> [- ,  5,  5,  7, - , - , - ,  3,  4,  4]

344: [72, 57, 57, 58, 72, 72, 44, 15, 15, 15] == [15] Changed {52}, Perturbations {4}
     [72, 57, 57, 58, 72, 72, 44, 15, 15, 15] -> [15] 0.695, [72] 0.049, [64] 0.031
     [72, 57, 57,  7, 72, 72, 44,  3,  4,  4] -> [72] 0.203, [64] 0.049, [57] 0.029
  == [72, 57, 57, XX, 72, 72, 44, XX, XX, XX]
  -> [- , - , - ,  7, - , - , - ,  3,  4,  4]

345: [87, 66, 66, 44, 44, 72, 15, 15, 15, 15] == [15] Changed {52}, Perturbations {7}
     [87, 66, 66, 44, 44, 72, 15, 15, 15, 15] -> [15] 0.726, [72] 0.037, [64] 0.023
     [ 5,  5,  5, 44, 44, 72,  3,  3,  4,  4] -> [72] 0.142, [64] 0.040, [44] 0.030
  == [XX, XX, XX, 44, 44, 72, XX, XX, XX, XX]
  -> [ 5,  5,  5, - , - , - ,  3,  3,  4,  4]

346: [57, 57, 58, 72, 72, 44, 15, 15, 15, 15] == [15] Changed {52}, Perturbations {5}
     [57, 57, 58, 72, 72, 44, 15, 15, 15, 15] -> [15] 0.711, [72] 0.040, [64] 0.028
     [57, 57,  5, 72, 72, 44,  3,  3,  4,  5] -> [72] 0.138, [64] 0.061, [57] 0.045
  == [57, 57, XX, 72, 72, 44, XX, XX, XX, XX]
  -> [- , - ,  5, - , - , - ,  3,  3,  4,  5]

347: [66, 66, 44, 44, 72, 15, 15, 15, 15, 15] == [15] Changed {52}, Perturbations {7}
     [66, 66, 44, 44, 72, 15, 15, 15, 15, 15] -> [15] 0.759, [72] 0.029, [64] 0.021
     [ 5,  5, 44, 44, 72,  4,  3,  4,  4,  4] -> [72] 0.112, [64] 0.042, [44] 0.030
  == [XX, XX, 44, 44, 72, XX, XX, XX, XX, XX]
  -> [ 5,  5, - , - , - ,  4,  3,  4,  4,  4]

348: [57, 58, 72, 72, 44, 15, 15, 15, 15, 15] == [15] Changed {52}, Perturbations {6}
     [57, 58, 72, 72, 44, 15, 15, 15, 15, 15] -> [15] 0.748, [72] 0.033, [64] 0.025
     [57,  5, 72, 72, 44,  4,  3,  4,  4,  4] -> [72] 0.128, [64] 0.049, [44] 0.025
  == [57, XX, 72, 72, 44, XX, XX, XX, XX, XX]
  -> [- ,  5, - , - , - ,  4,  3,  4,  4,  4]

349: [66, 44, 44, 72, 15, 15, 15, 15, 15, 15] == [15] Changed {52}, Perturbations {7}
     [66, 44, 44, 72, 15, 15, 15, 15, 15, 15] -> [15] 0.760, [72] 0.030, [64] 0.021
     [ 5, 44, 44, 72,  7,  4,  3,  4,  4,  4] -> [72] 0.111, [64] 0.043, [44] 0.028
  == [XX, 44, 44, 72, XX, XX, XX, XX, XX, XX]
  -> [ 5, - , - , - ,  7,  4,  3,  4,  4,  4]

350: [44, 44, 72, 15, 15, 15, 15, 15, 15, 15] == [15] Changed {52}, Perturbations {7}
     [44, 44, 72, 15, 15, 15, 15, 15, 15, 15] -> [15] 0.767, [72] 0.029, [64] 0.021
     [44, 44, 72,  4,  4,  4,  4,  4,  4,  4] -> [72] 0.109, [64] 0.042, [44] 0.028
  == [44, 44, 72, XX, XX, XX, XX, XX, XX, XX]
  -> [- , - , - ,  4,  4,  4,  4,  4,  4,  4]

351: [ 0, 29, 29,  2,  2, 17, 17, 17, 17, 15] == [15] Changed {52}, Perturbations {3}
     [ 0, 29, 29,  2,  2, 17, 17, 17, 17, 15] -> [15] 0.594, [72] 0.038, [ 2] 0.034
     [ 0,  0,  0,  2,  2, 17, 17, 17, 17,  3] -> [ 3] 0.414, [17] 0.081, [72] 0.033
  == [ 0, XX, XX,  2,  2, 17, 17, 17, 17, XX]
  -> [- ,  0,  0, - , - , - , - , - , - ,  3]

352: [58, 72, 72, 44, 15, 15, 15, 15, 15, 15] == [15] Changed {52}, Perturbations {6}
     [58, 72, 72, 44, 15, 15, 15, 15, 15, 15] -> [15] 0.758, [72] 0.030, [64] 0.023
     [58, 72, 72, 44,  7,  4,  3,  4,  4,  4] -> [72] 0.117, [64] 0.047, [44] 0.025
  == [58, 72, 72, 44, XX, XX, XX, XX, XX, XX]
  -> [- , - , - , - ,  7,  4,  3,  4,  4,  4]

353: [44, 72, 15, 15, 15, 15, 15, 15, 15, 15] == [15] Changed {52}, Perturbations {8}
     [44, 72, 15, 15, 15, 15, 15, 15, 15, 15] -> [15] 0.775, [72] 0.027, [64] 0.021
     [44, 72,  4,  4,  4,  4,  4,  4,  4,  4] -> [72] 0.099, [64] 0.044, [44] 0.025
  == [44, 72, XX, XX, XX, XX, XX, XX, XX, XX]
  -> [- , - ,  4,  4,  4,  4,  4,  4,  4,  4]

354: [72, 72, 44, 15, 15, 15, 15, 15, 15, 15] == [15] Changed {52}, Perturbations {7}
     [72, 72, 44, 15, 15, 15, 15, 15, 15, 15] -> [15] 0.767, [72] 0.030, [64] 0.021
     [72, 72, 44,  4,  4,  4,  3,  4,  4,  4] -> [72] 0.114, [64] 0.044, [44] 0.025
  == [72, 72, 44, XX, XX, XX, XX, XX, XX, XX]
  -> [- , - , - ,  4,  4,  4,  3,  4,  4,  4]

355: [72, 15, 15, 15, 15, 15, 15, 15, 15, 15] == [15] Changed {52}, Perturbations {9}
     [72, 15, 15, 15, 15, 15, 15, 15, 15, 15] -> [15] 0.777, [72] 0.027, [64] 0.021
     [72,  4,  4,  4,  4,  4,  4,  4,  4,  4] -> [72] 0.097, [64] 0.045, [ 2] 0.022
  == [72, XX, XX, XX, XX, XX, XX, XX, XX, XX]
  -> [- ,  4,  4,  4,  4,  4,  4,  4,  4,  4]

358: [72, 72, 72, 72, 42, 42, 42, 72, 42, 57] == [72] Changed {52}, Perturbations {7}
     [72, 72, 72, 72, 42, 42, 42, 72, 42, 57] -> [72] 0.271, [57] 0.244, [58] 0.098
     [ 1,  1,  1,  0,  4,  4, 42,  0, 42, 57] -> [57] 0.314, [58] 0.182, [64] 0.100
  == [XX, XX, XX, XX, XX, XX, 42, XX, 42, 57]
  -> [ 1,  1,  1,  0,  4,  4, - ,  0, - , - ]

359: [89, 89, 89, 89, 89, 89, 89, 89, 57, 57] == [57] Changed {52}, Perturbations {6}
     [89, 89, 89, 89, 89, 89, 89, 89, 57, 57] -> [57] 0.413, [58] 0.260, [64] 0.121
     [89, 89, 89, 89,  1,  1,  1,  4,  4,  4] -> [72] 0.088, [64] 0.052, [ 2] 0.021
  == [89, 89, 89, 89, XX, XX, XX, XX, XX, XX]
  -> [- , - , - , - ,  1,  1,  1,  4,  4,  4]

367: [87, 86, 87, 66, 66, 42, 42, 42, 42, 72] == [72] Changed {52}, Perturbations {2}
     [87, 86, 87, 66, 66, 42, 42, 42, 42, 72] -> [72] 0.526, [42] 0.224, [78] 0.021
     [87, 86, 87, 66, 66, 42,  1, 42, 42,  1] -> [ 1] 0.221, [15] 0.114, [42] 0.031
  == [87, 86, 87, 66, 66, 42, XX, 42, 42, XX]
  -> [- , - , - , - , - , - ,  1, - , - ,  1]

368: [72, 72, 72, 72, 72, 72, 44, 72, 72, 72] == [72] Changed {52}, Perturbations {9}
     [72, 72, 72, 72, 72, 72, 44, 72, 72, 72] -> [72] 0.862, [64] 0.018, [44] 0.015
     [ 2,  2,  2,  2,  2,  2, 44,  2,  2,  2] -> [ 2] 0.858, [72] 0.021, [ 0] 0.010
  == [XX, XX, XX, XX, XX, XX, 44, XX, XX, XX]
  -> [ 2,  2,  2,  2,  2,  2, - ,  2,  2,  2]

369: [42, 42, 72, 42, 57, 72, 57, 72, 57, 42] == [42] Changed {52}, Perturbations {7}
     [42, 42, 72, 42, 57, 72, 57, 72, 57, 42] -> [42] 0.433, [72] 0.309, [22] 0.040
     [ 0,  0, 72,  0,  0, 72,  0, 72,  7,  7] -> [72] 0.448, [64] 0.038, [57] 0.020
  == [XX, XX, 72, XX, XX, 72, XX, 72, XX, XX]
  -> [ 0,  0, - ,  0,  0, - ,  0, - ,  7,  7]

375: [17, 17, 16, 16, 17, 17, 17, 17, 64, 78] == [78] Changed {52}, Perturbations {6}
     [17, 17, 16, 16, 17, 17, 17, 17, 64, 78] -> [78] 0.541, [72] 0.073, [42] 0.043
     [ 4,  5,  5,  5, 17, 17, 17, 17,  0,  4] -> [17] 0.087, [72] 0.075, [ 0] 0.042
  == [XX, XX, XX, XX, 17, 17, 17, 17, XX, XX]
  -> [ 4,  5,  5,  5, - , - , - , - ,  0,  4]

376: [66, 66, 42, 42, 42, 42, 72, 72, 42, 78] == [78] Changed {52}, Perturbations {4}
     [66, 66, 42, 42, 42, 42, 72, 72, 42, 78] -> [78] 0.591, [42] 0.172, [72] 0.079
     [ 4,  5, 42, 42, 42, 42, 72, 72,  0,  4] -> [72] 0.240, [42] 0.116, [64] 0.039
  == [XX, XX, 42, 42, 42, 42, 72, 72, XX, XX]
  -> [ 4,  5, - , - , - , - , - , - ,  0,  4]

379: [15, 15, 15, 15, 15, 15, 15, 15, 15, 44] == [44] Changed {52}, Perturbations {6}
     [15, 15, 15, 15, 15, 15, 15, 15, 15, 44] -> [44] 0.433, [72] 0.156, [15] 0.109
     [15,  0,  0,  0,  1, 15, 15, 15,  1,  1] -> [15] 0.260, [ 1] 0.257, [ 2] 0.028
  == [15, XX, XX, XX, XX, 15, 15, 15, XX, XX]
  -> [- ,  0,  0,  0,  1, - , - , - ,  1,  1]

383: [72, 42, 57, 72, 57, 72, 57, 42, 42, 72] == [72] Changed {52}, Perturbations {6}
     [72, 42, 57, 72, 57, 72, 57, 42, 42, 72] -> [72] 0.619, [42] 0.146, [64] 0.032
     [ 0, 42, 57,  0,  0,  0,  0, 42, 42,  1] -> [ 1] 0.199, [15] 0.125, [72] 0.032
  == [XX, 42, 57, XX, XX, XX, XX, 42, 42, XX]
  -> [ 0, - , - ,  0,  0,  0,  0, - , - ,  1]

385: [66, 42, 42, 42, 42, 72, 72, 42, 78, 78] == [42] Changed {5}, Perturbations {0}
     [66, 42, 42, 42, 42, 72, 72, 42, 78, 78] -> [42] 0.323, [78] 0.318, [72] 0.171
     [66, 42, 42, 42, 42, 72, 72, 42, 78, 78] -> [78] 0.324, [42] 0.322, [72] 0.167
  == [66, 42, 42, 42, 42, 72, 72, 42, 78, 78]
  -> [- , - , - , - , - , - , - , - , - , - ]

386: [72, 72, 72, 72, 57, 57, 57, 58, 83, 44] == [72] Changed {52}, Perturbations {5}
     [72, 72, 72, 72, 57, 57, 57, 58, 83, 44] -> [72] 0.334, [44] 0.308, [57] 0.049
     [ 1,  0,  0,  0, 57, 57, 57, 58,  0, 44] -> [44] 0.493, [72] 0.182, [57] 0.031
  == [XX, XX, XX, XX, 57, 57, 57, 58, XX, 44]
  -> [ 1,  0,  0,  0, - , - , - , - ,  0, - ]

389: [15, 15, 15, 15, 15, 15, 15, 44, 44, 86] == [87] Changed {52}, Perturbations {9}
     [15, 15, 15, 15, 15, 15, 15, 44, 44, 86] -> [87] 0.694, [86] 0.089, [72] 0.032
     [ 4,  0,  0,  0,  0,  0, 15,  1,  0,  4] -> [72] 0.077, [ 0] 0.046, [ 2] 0.036
  == [XX, XX, XX, XX, XX, XX, 15, XX, XX, XX]
  -> [ 4,  0,  0,  0,  0,  0, - ,  1,  0,  4]

390: [42, 42, 42, 72, 72, 42, 78, 78, 42, 86] == [87] Changed {52}, Perturbations {4}
     [42, 42, 42, 72, 72, 42, 78, 78, 42, 86] -> [87] 0.687, [86] 0.097, [72] 0.028
     [42, 42, 42,  5, 72, 42,  1, 78,  4,  4] -> [42] 0.168, [72] 0.126, [64] 0.042
  == [42, 42, 42, XX, 72, 42, XX, 78, XX, XX]
  -> [- , - , - ,  5, - , - ,  1, - ,  4,  4]

391: [42, 42, 72, 72, 42, 78, 78, 42, 86, 87] == [86] Changed {52}, Perturbations {6}
     [42, 42, 72, 72, 42, 78, 78, 42, 86, 87] -> [86] 0.452, [66] 0.229, [87] 0.172
     [ 0,  0, 72, 72,  0,  0,  0,  0, 86, 87] -> [66] 0.376, [86] 0.271, [87] 0.226
  == [XX, XX, 72, 72, XX, XX, XX, XX, 86, 87]
  -> [ 0,  0, - , - ,  0,  0,  0,  0, - , - ]

393: [42, 72, 72, 42, 78, 78, 42, 86, 87, 86] == [87] Changed {52}, Perturbations {7}
     [42, 72, 72, 42, 78, 78, 42, 86, 87, 86] -> [87] 0.467, [86] 0.221, [66] 0.154
     [ 0, 72, 72,  0,  0,  0,  0,  0, 87,  4] -> [86] 0.161, [72] 0.101, [ 0] 0.065
  == [XX, 72, 72, XX, XX, XX, XX, XX, 87, XX]
  -> [ 0, - , - ,  0,  0,  0,  0,  0, - ,  4]

394: [15, 15, 15, 15, 15, 44, 44, 86, 87, 86] == [87] Changed {52}, Perturbations {3}
     [15, 15, 15, 15, 15, 44, 44, 86, 87, 86] -> [87] 0.331, [86] 0.273, [66] 0.255
     [15, 15, 15, 15, 15,  0,  0,  0, 87, 86] -> [66] 0.305, [86] 0.305, [87] 0.215
  == [15, 15, 15, 15, 15, XX, XX, XX, 87, 86]
  -> [- , - , - , - , - ,  0,  0,  0, - , - ]

396: [72, 72, 42, 78, 78, 42, 86, 87, 86, 87] == [66] Changed {52}, Perturbations {4}
     [72, 72, 42, 78, 78, 42, 86, 87, 86, 87] -> [66] 0.321, [87] 0.289, [86] 0.260
     [72, 72,  0,  0,  0,  0, 86, 87, 86, 87] -> [87] 0.429, [86] 0.230, [66] 0.208
  == [72, 72, XX, XX, XX, XX, 86, 87, 86, 87]
  -> [- , - ,  0,  0,  0,  0, - , - , - , - ]

397: [15, 15, 15, 44, 44, 86, 87, 86, 87, 66] == [66] Changed {52}, Perturbations {6}
     [15, 15, 15, 44, 44, 86, 87, 86, 87, 66] -> [66] 0.711, [87] 0.049, [86] 0.049
     [15, 15, 15,  0,  0,  0, 87,  0,  0,  0] -> [ 0] 0.794, [72] 0.035, [ 2] 0.016
  == [15, 15, 15, XX, XX, XX, 87, XX, XX, XX]
  -> [- , - , - ,  0,  0,  0, - ,  0,  0,  0]

398: [72, 42, 78, 78, 42, 86, 87, 86, 87, 66] == [66] Changed {52}, Perturbations {6}
     [72, 42, 78, 78, 42, 86, 87, 86, 87, 66] -> [66] 0.723, [72] 0.048, [86] 0.043
     [72, 42,  0,  0, 42,  0, 87,  0,  0,  0] -> [ 0] 0.779, [72] 0.041, [ 2] 0.016
  == [72, 42, XX, XX, 42, XX, 87, XX, XX, XX]
  -> [- , - ,  0,  0, - ,  0, - ,  0,  0,  0]

399: [15, 44, 44, 86, 87, 86, 87, 66, 66, 87] == [86] Changed {52}, Perturbations {5}
     [15, 44, 44, 86, 87, 86, 87, 66, 66, 87] -> [86] 0.534, [66] 0.200, [87] 0.088
     [ 4, 44,  1, 86,  0, 86, 87, 66,  1,  1] -> [ 1] 0.131, [15] 0.116, [66] 0.041
  == [XX, 44, XX, 86, XX, 86, 87, 66, XX, XX]
  -> [ 4, - ,  1, - ,  0, - , - , - ,  1,  1]

400: [78, 78, 42, 86, 87, 86, 87, 66, 66, 87] == [86] Changed {52}, Perturbations {4}
     [78, 78, 42, 86, 87, 86, 87, 66, 66, 87] -> [86] 0.509, [66] 0.219, [87] 0.088
     [78,  1, 42, 86,  0, 86, 87, 66,  1,  1] -> [ 1] 0.115, [15] 0.111, [66] 0.050
  == [78, XX, 42, 86, XX, 86, 87, 66, XX, XX]
  -> [- ,  1, - , - ,  0, - , - , - ,  1,  1]

407: [86, 87, 86, 87, 66, 66, 87, 86, 87, 86] == [66] Changed {52}, Perturbations {3}
     [86, 87, 86, 87, 66, 66, 87, 86, 87, 86] -> [66] 0.402, [86] 0.280, [87] 0.208
     [ 0, 87,  0, 87, 66, 66, 87,  0, 87, 86] -> [86] 0.373, [66] 0.281, [87] 0.179
  == [XX, 87, XX, 87, 66, 66, 87, XX, 87, 86]
  -> [ 0, - ,  0, - , - , - , - ,  0, - , - ]

408: [87, 86, 87, 66, 66, 87, 86, 87, 86, 66] == [66] Changed {52}, Perturbations {6}
     [87, 86, 87, 66, 66, 87, 86, 87, 86, 66] -> [66] 0.670, [86] 0.073, [72] 0.064
     [ 0,  0,  0, 66, 66, 87,  0, 87,  0,  0] -> [ 0] 0.508, [72] 0.070, [86] 0.059
  == [XX, XX, XX, 66, 66, 87, XX, 87, XX, XX]
  -> [ 0,  0,  0, - , - , - ,  0, - ,  0,  0]

410: [72, 72, 64, 64, 58, 72, 44, 72, 44, 72] == [72] Changed {52}, Perturbations {6}
     [72, 72, 64, 64, 58, 72, 44, 72, 44, 72] -> [72] 0.795, [64] 0.047, [44] 0.029
     [ 1,  1, 64, 64,  1,  1, 44,  1, 44,  1] -> [ 1] 0.290, [15] 0.118, [72] 0.025
  == [XX, XX, 64, 64, XX, XX, 44, XX, 44, XX]
  -> [ 1,  1, - , - ,  1,  1, - ,  1, - ,  1]

413: [64, 64, 57, 58, 64, 64, 64, 64, 72, 84] == [84] Changed {52}, Perturbations {5}
     [64, 64, 57, 58, 64, 64, 64, 64, 72, 84] -> [84] 0.456, [64] 0.167, [72] 0.132
     [64, 64, 57,  5,  5, 64,  1, 64,  0,  4] -> [64] 0.345, [72] 0.087, [57] 0.033
  == [64, 64, 57, XX, XX, 64, XX, 64, XX, XX]
  -> [- , - , - ,  5,  5, - ,  1, - ,  0,  4]

414: [89, 89, 89, 89, 89, 89, 89, 89, 89, 84] == [84] Changed {52}, Perturbations {5}
     [89, 89, 89, 89, 89, 89, 89, 89, 89, 84] -> [84] 0.657, [72] 0.109, [64] 0.042
     [89, 89, 89, 89, 89,  0,  0,  2,  4,  2] -> [ 2] 0.808, [72] 0.028, [ 0] 0.013
  == [89, 89, 89, 89, 89, XX, XX, XX, XX, XX]
  -> [- , - , - , - , - ,  0,  0,  2,  4,  2]

415: [64, 64, 64, 64, 64, 64, 64, 64, 72, 64] == [64] Changed {52}, Perturbations {10}
     [64, 64, 64, 64, 64, 64, 64, 64, 72, 64] -> [64] 0.807, [72] 0.059, [57] 0.015
     [ 0,  0,  0,  0,  0,  0,  0,  0,  0,  0] -> [ 0] 0.812, [72] 0.033, [ 2] 0.015
  == [XX, XX, XX, XX, XX, XX, XX, XX, XX, XX]
  -> [ 0,  0,  0,  0,  0,  0,  0,  0,  0,  0]

417: [64, 56, 64, 57, 57, 58, 64, 64, 64, 64] == [64] Changed {52}, Perturbations {8}
     [64, 56, 64, 57, 57, 58, 64, 64, 64, 64] -> [64] 0.799, [72] 0.043, [57] 0.027
     [ 0,  0,  0, 57, 57,  0,  0,  0,  0,  0] -> [ 0] 0.799, [72] 0.036, [ 2] 0.015
  == [XX, XX, XX, 57, 57, XX, XX, XX, XX, XX]
  -> [ 0,  0,  0, - , - ,  0,  0,  0,  0,  0]

418: [57, 58, 64, 64, 64, 64, 72, 84, 84, 64] == [64] Changed {52}, Perturbations {8}
     [57, 58, 64, 64, 64, 64, 72, 84, 84, 64] -> [64] 0.688, [72] 0.090, [57] 0.032
     [ 0, 58,  0,  0,  0,  0, 72,  0,  0,  0] -> [ 0] 0.803, [72] 0.036, [ 2] 0.015
  == [XX, 58, XX, XX, XX, XX, 72, XX, XX, XX]
  -> [ 0, - ,  0,  0,  0,  0, - ,  0,  0,  0]

419: [64, 64, 64, 72, 72, 64, 64, 64, 64, 64] == [64] Changed {52}, Perturbations {8}
     [64, 64, 64, 72, 72, 64, 64, 64, 64, 64] -> [64] 0.799, [72] 0.065, [57] 0.016
     [ 0,  0,  0, 72, 72,  0,  0,  0,  0,  0] -> [ 0] 0.800, [72] 0.037, [ 2] 0.015
  == [XX, XX, XX, 72, 72, XX, XX, XX, XX, XX]
  -> [ 0,  0,  0, - , - ,  0,  0,  0,  0,  0]

420: [58, 64, 64, 64, 64, 72, 84, 84, 64, 64] == [64] Changed {52}, Perturbations {9}
     [58, 64, 64, 64, 64, 72, 84, 84, 64, 64] -> [64] 0.709, [72] 0.094, [57] 0.026
     [ 0,  0,  0,  0,  0, 72,  0,  0,  0,  0] -> [ 0] 0.790, [72] 0.041, [ 2] 0.016
  == [XX, XX, XX, XX, XX, 72, XX, XX, XX, XX]
  -> [ 0,  0,  0,  0,  0, - ,  0,  0,  0,  0]

421: [64, 64, 72, 72, 64, 64, 64, 64, 64, 64] == [64] Changed {52}, Perturbations {8}
     [64, 64, 72, 72, 64, 64, 64, 64, 64, 64] -> [64] 0.792, [72] 0.071, [57] 0.016
     [ 0,  0, 72, 72,  7,  0,  0,  0,  0,  0] -> [ 0] 0.795, [72] 0.038, [ 2] 0.015
  == [XX, XX, 72, 72, XX, XX, XX, XX, XX, XX]
  -> [ 0,  0, - , - ,  7,  0,  0,  0,  0,  0]

422: [64, 64, 64, 64, 72, 84, 84, 64, 64, 64] == [64] Changed {52}, Perturbations {9}
     [64, 64, 64, 64, 72, 84, 84, 64, 64, 64] -> [64] 0.799, [72] 0.056, [57] 0.017
     [ 0,  0,  0,  0, 72,  0,  0,  0,  0,  0] -> [ 0] 0.806, [72] 0.035, [ 2] 0.015
  == [XX, XX, XX, XX, 72, XX, XX, XX, XX, XX]
  -> [ 0,  0,  0,  0, - ,  0,  0,  0,  0,  0]

423: [64, 72, 72, 64, 64, 64, 64, 64, 64, 64] == [64] Changed {52}, Perturbations {8}
     [64, 72, 72, 64, 64, 64, 64, 64, 64, 64] -> [64] 0.791, [72] 0.072, [57] 0.016
     [ 0, 72, 72,  0,  9,  0,  0,  0,  0,  0] -> [ 0] 0.799, [72] 0.037, [ 2] 0.015
  == [XX, 72, 72, XX, XX, XX, XX, XX, XX, XX]
  -> [ 0, - , - ,  0,  9,  0,  0,  0,  0,  0]

424: [64, 64, 64, 72, 84, 84, 64, 64, 64, 64] == [64] Changed {52}, Perturbations {9}
     [64, 64, 64, 72, 84, 84, 64, 64, 64, 64] -> [64] 0.793, [72] 0.061, [57] 0.017
     [ 0,  0,  0, 72,  0,  0,  4,  0,  0,  0] -> [ 0] 0.802, [72] 0.036, [ 2] 0.015
  == [XX, XX, XX, 72, XX, XX, XX, XX, XX, XX]
  -> [ 0,  0,  0, - ,  0,  0,  4,  0,  0,  0]

425: [56, 64, 57, 57, 58, 64, 64, 64, 64, 64] == [64] Changed {52}, Perturbations {8}
     [56, 64, 57, 57, 58, 64, 64, 64, 64, 64] -> [64] 0.798, [72] 0.040, [57] 0.028
     [ 0,  0, 57, 57,  0,  0,  0,  0,  0,  0] -> [ 0] 0.798, [72] 0.036, [ 2] 0.015
  == [XX, XX, 57, 57, XX, XX, XX, XX, XX, XX]
  -> [ 0,  0, - , - ,  0,  0,  0,  0,  0,  0]

426: [64, 64, 72, 84, 84, 64, 64, 64, 64, 64] == [64] Changed {52}, Perturbations {9}
     [64, 64, 72, 84, 84, 64, 64, 64, 64, 64] -> [64] 0.797, [72] 0.060, [57] 0.017
     [ 0,  0, 72,  0,  0,  0,  0,  0,  0,  0] -> [ 0] 0.806, [72] 0.035, [ 2] 0.015
  == [XX, XX, 72, XX, XX, XX, XX, XX, XX, XX]
  -> [ 0,  0, - ,  0,  0,  0,  0,  0,  0,  0]

427: [64, 72, 84, 84, 64, 64, 64, 64, 64, 64] == [64] Changed {52}, Perturbations {9}
     [64, 72, 84, 84, 64, 64, 64, 64, 64, 64] -> [64] 0.789, [72] 0.063, [57] 0.017
     [ 0, 72,  0,  0,  0,  0,  0,  0,  0,  0] -> [ 0] 0.808, [72] 0.035, [ 2] 0.015
  == [XX, 72, XX, XX, XX, XX, XX, XX, XX, XX]
  -> [ 0, - ,  0,  0,  0,  0,  0,  0,  0,  0]

428: [72, 72, 64, 64, 64, 64, 64, 64, 64, 64] == [64] Changed {52}, Perturbations {8}
     [72, 72, 64, 64, 64, 64, 64, 64, 64, 64] -> [64] 0.752, [72] 0.103, [57] 0.017
     [72, 72,  0,  0,  4,  0,  1,  0,  0,  0] -> [ 0] 0.792, [72] 0.038, [ 2] 0.016
  == [72, 72, XX, XX, XX, XX, XX, XX, XX, XX]
  -> [- , - ,  0,  0,  4,  0,  1,  0,  0,  0]

429: [72, 84, 84, 64, 64, 64, 64, 64, 64, 64] == [64] Changed {52}, Perturbations {9}
     [72, 84, 84, 64, 64, 64, 64, 64, 64, 64] -> [64] 0.754, [72] 0.091, [57] 0.018
     [72,  0,  0,  0,  4,  0,  4,  0,  0,  0] -> [ 0] 0.796, [72] 0.037, [ 2] 0.016
  == [72, XX, XX, XX, XX, XX, XX, XX, XX, XX]
  -> [- ,  0,  0,  0,  4,  0,  4,  0,  0,  0]

430: [72, 64, 64, 64, 64, 64, 64, 64, 64, 64] == [64] Changed {52}, Perturbations {9}
     [72, 64, 64, 64, 64, 64, 64, 64, 64, 64] -> [64] 0.780, [72] 0.081, [57] 0.016
     [72,  0,  0,  0,  4,  0,  0,  0,  0,  0] -> [ 0] 0.801, [72] 0.036, [ 2] 0.015
  == [72, XX, XX, XX, XX, XX, XX, XX, XX, XX]
  -> [- ,  0,  0,  0,  4,  0,  0,  0,  0,  0]

431: [84, 84, 64, 64, 64, 64, 64, 64, 64, 64] == [64] Changed {52}, Perturbations {8}
     [84, 84, 64, 64, 64, 64, 64, 64, 64, 64] -> [64] 0.793, [72] 0.053, [57] 0.018
     [84, 84,  0,  0,  0,  0,  0,  0,  0,  0] -> [ 0] 0.805, [72] 0.035, [ 2] 0.015
  == [84, 84, XX, XX, XX, XX, XX, XX, XX, XX]
  -> [- , - ,  0,  0,  0,  0,  0,  0,  0,  0]

436: [58, 58, 58, 72, 64, 64, 64, 64, 57, 58] == [64] Changed {52}, Perturbations {4}
     [58, 58, 58, 72, 64, 64, 64, 64, 57, 58] -> [64] 0.537, [57] 0.137, [58] 0.104
     [58, 58, 58, 72,  0,  0,  0,  0, 57, 58] -> [57] 0.203, [58] 0.200, [64] 0.154
  == [58, 58, 58, 72, XX, XX, XX, XX, 57, 58]
  -> [- , - , - , - ,  0,  0,  0,  0, - , - ]

437: [58, 58, 72, 64, 64, 64, 64, 57, 58, 64] == [64] Changed {52}, Perturbations {6}
     [58, 58, 72, 64, 64, 64, 64, 57, 58, 64] -> [64] 0.688, [72] 0.074, [57] 0.069
     [58, 58, 72,  0,  0,  0,  0, 57,  0,  0] -> [ 0] 0.675, [72] 0.061, [ 2] 0.020
  == [58, 58, 72, XX, XX, XX, XX, 57, XX, XX]
  -> [- , - , - ,  0,  0,  0,  0, - ,  0,  0]

438: [64, 64, 64, 64, 64, 64, 64, 64, 64, 64] == [64] Changed {52}, Perturbations {10}
     [64, 64, 64, 64, 64, 64, 64, 64, 64, 64] -> [64] 0.833, [72] 0.040, [57] 0.014
     [ 0,  0,  0,  0,  0,  0,  0,  0,  0,  0] -> [ 0] 0.812, [72] 0.033, [ 2] 0.015
  == [XX, XX, XX, XX, XX, XX, XX, XX, XX, XX]
  -> [ 0,  0,  0,  0,  0,  0,  0,  0,  0,  0]

439: [58, 72, 64, 64, 64, 64, 57, 58, 64, 64] == [64] Changed {52}, Perturbations {7}
     [58, 72, 64, 64, 64, 64, 57, 58, 64, 64] -> [64] 0.749, [72] 0.068, [57] 0.041
     [58, 72,  0,  0,  0,  0, 57,  0,  0,  0] -> [ 0] 0.798, [72] 0.037, [ 2] 0.015
  == [58, 72, XX, XX, XX, XX, 57, XX, XX, XX]
  -> [- , - ,  0,  0,  0,  0, - ,  0,  0,  0]

442: [89, 89, 13, 13, 13, 13, 13, 13, 13, 13] == [13] Changed {52}, Perturbations {10}
     [89, 89, 13, 13, 13, 13, 13, 13, 13, 13] -> [13] 0.868, [72] 0.015, [85] 0.005
     [ 0,  0,  0,  0,  0,  0,  4,  0,  0,  0] -> [ 0] 0.809, [72] 0.034, [ 2] 0.015
  == [XX, XX, XX, XX, XX, XX, XX, XX, XX, XX]
  -> [ 0,  0,  0,  0,  0,  0,  4,  0,  0,  0]

443: [86, 86, 87, 66, 66, 66, 66, 79, 81, 13] == [13] Changed {52}, Perturbations {7}
     [86, 86, 87, 66, 66, 66, 66, 79, 81, 13] -> [13] 0.510, [72] 0.055, [81] 0.021
     [ 0, 86,  0, 66,  0,  0,  0, 79,  4,  4] -> [72] 0.081, [64] 0.037, [81] 0.032
  == [XX, 86, XX, 66, XX, XX, XX, 79, XX, XX]
  -> [ 0, - ,  0, - ,  0,  0,  0, - ,  4,  4]

444: [89, 13, 13, 13, 13, 13, 13, 13, 13, 13] == [13] Changed {52}, Perturbations {10}
     [89, 13, 13, 13, 13, 13, 13, 13, 13, 13] -> [13] 0.870, [72] 0.014, [85] 0.005
     [ 0,  0,  0,  0,  0,  0,  0,  0,  0,  0] -> [ 0] 0.812, [72] 0.033, [ 2] 0.015
  == [XX, XX, XX, XX, XX, XX, XX, XX, XX, XX]
  -> [ 0,  0,  0,  0,  0,  0,  0,  0,  0,  0]

445: [86, 87, 66, 66, 66, 66, 79, 81, 13, 13] == [13] Changed {52}, Perturbations {5}
     [86, 87, 66, 66, 66, 66, 79, 81, 13, 13] -> [13] 0.622, [72] 0.054, [57] 0.014
     [86,  0, 66, 66,  0,  0, 79, 81,  4,  4] -> [72] 0.124, [64] 0.037, [79] 0.025
  == [86, XX, 66, 66, XX, XX, 79, 81, XX, XX]
  -> [- ,  0, - , - ,  0,  0, - , - ,  4,  4]

446: [89, 89, 89, 89, 89, 89, 89, 89, 89, 13] == [13] Changed {52}, Perturbations {5}
     [89, 89, 89, 89, 89, 89, 89, 89, 89, 13] -> [13] 0.820, [72] 0.023, [57] 0.008
     [89, 89, 89, 89, 89,  0,  0,  0,  4,  0] -> [ 0] 0.721, [72] 0.048, [ 2] 0.020
  == [89, 89, 89, 89, 89, XX, XX, XX, XX, XX]
  -> [- , - , - , - , - ,  0,  0,  0,  4,  0]

447: [87, 66, 66, 66, 66, 79, 81, 13, 13, 13] == [13] Changed {52}, Perturbations {9}
     [87, 66, 66, 66, 66, 79, 81, 13, 13, 13] -> [13] 0.838, [72] 0.018, [57] 0.006
     [ 5,  5,  4,  4,  4, 79,  3,  0,  4,  0] -> [ 0] 0.695, [72] 0.050, [ 2] 0.022
  == [XX, XX, XX, XX, XX, 79, XX, XX, XX, XX]
  -> [ 5,  5,  4,  4,  4, - ,  3,  0,  4,  0]

448: [13, 13, 13, 13, 13, 13, 13, 13, 13, 13] == [13] Changed {52}, Perturbations {10}
     [13, 13, 13, 13, 13, 13, 13, 13, 13, 13] -> [13] 0.874, [72] 0.014, [85] 0.005
     [ 0,  0,  0,  0,  0,  0,  0,  0,  0,  0] -> [ 0] 0.812, [72] 0.033, [ 2] 0.015
  == [XX, XX, XX, XX, XX, XX, XX, XX, XX, XX]
  -> [ 0,  0,  0,  0,  0,  0,  0,  0,  0,  0]

449: [66, 66, 66, 66, 79, 81, 13, 13, 13, 13] == [13] Changed {52}, Perturbations {9}
     [66, 66, 66, 66, 79, 81, 13, 13, 13, 13] -> [13] 0.841, [72] 0.018, [57] 0.006
     [ 4,  5,  5,  4, 79,  4,  4,  0,  4,  0] -> [ 0] 0.700, [72] 0.049, [ 2] 0.022
  == [XX, XX, XX, XX, 79, XX, XX, XX, XX, XX]
  -> [ 4,  5,  5,  4, - ,  4,  4,  0,  4,  0]

450: [66, 66, 66, 79, 81, 13, 13, 13, 13, 13] == [13] Changed {52}, Perturbations {10}
     [66, 66, 66, 79, 81, 13, 13, 13, 13, 13] -> [13] 0.852, [72] 0.017, [57] 0.006
     [ 4,  4,  4,  4,  4,  4,  4,  0,  0,  0] -> [ 0] 0.755, [72] 0.041, [ 2] 0.018
  == [XX, XX, XX, XX, XX, XX, XX, XX, XX, XX]
  -> [ 4,  4,  4,  4,  4,  4,  4,  0,  0,  0]

451: [66, 66, 79, 81, 13, 13, 13, 13, 13, 13] == [13] Changed {52}, Perturbations {10}
     [66, 66, 79, 81, 13, 13, 13, 13, 13, 13] -> [13] 0.856, [72] 0.016, [57] 0.006
     [ 4,  4,  4,  4,  4,  4,  4,  0,  0,  0] -> [ 0] 0.757, [72] 0.041, [ 2] 0.018
  == [XX, XX, XX, XX, XX, XX, XX, XX, XX, XX]
  -> [ 4,  4,  4,  4,  4,  4,  4,  0,  0,  0]

452: [66, 79, 81, 13, 13, 13, 13, 13, 13, 13] == [13] Changed {52}, Perturbations {10}
     [66, 79, 81, 13, 13, 13, 13, 13, 13, 13] -> [13] 0.861, [72] 0.016, [57] 0.005
     [ 0,  4,  4,  4,  4,  0,  4,  0,  0,  0] -> [ 0] 0.786, [72] 0.037, [ 2] 0.016
  == [XX, XX, XX, XX, XX, XX, XX, XX, XX, XX]
  -> [ 0,  4,  4,  4,  4,  0,  4,  0,  0,  0]

453: [79, 81, 13, 13, 13, 13, 13, 13, 13, 13] == [13] Changed {52}, Perturbations {10}
     [79, 81, 13, 13, 13, 13, 13, 13, 13, 13] -> [13] 0.866, [72] 0.015, [85] 0.005
     [ 0,  0,  0,  0,  0,  0,  4,  0,  0,  0] -> [ 0] 0.809, [72] 0.034, [ 2] 0.015
  == [XX, XX, XX, XX, XX, XX, XX, XX, XX, XX]
  -> [ 0,  0,  0,  0,  0,  0,  4,  0,  0,  0]

454: [81, 13, 13, 13, 13, 13, 13, 13, 13, 13] == [13] Changed {52}, Perturbations {9}
     [81, 13, 13, 13, 13, 13, 13, 13, 13, 13] -> [13] 0.870, [72] 0.015, [85] 0.005
     [81,  0,  0,  0,  0,  0,  0,  0,  0,  0] -> [ 0] 0.807, [72] 0.034, [ 2] 0.015
  == [81, XX, XX, XX, XX, XX, XX, XX, XX, XX]
  -> [- ,  0,  0,  0,  0,  0,  0,  0,  0,  0]

457: [64, 64, 58, 72, 44, 72, 44, 72, 72, 72] == [72] Changed {52}, Perturbations {6}
     [64, 64, 58, 72, 44, 72, 44, 72, 72, 72] -> [72] 0.779, [64] 0.082, [44] 0.015
     [64, 64, 58,  1,  1,  1, 44,  1,  1,  1] -> [ 1] 0.339, [15] 0.127, [ 2] 0.020
  == [64, 64, 58, XX, XX, XX, 44, XX, XX, XX]
  -> [- , - , - ,  1,  1,  1, - ,  1,  1,  1]

460: [58, 72, 44, 72, 44, 72, 72, 72, 72, 72] == [72] Changed {52}, Perturbations {8}
     [58, 72, 44, 72, 44, 72, 72, 72, 72, 72] -> [72] 0.833, [64] 0.025, [44] 0.018
     [58,  4,  1,  1, 44,  1,  1,  1,  1,  1] -> [ 1] 0.358, [15] 0.131, [ 2] 0.020
  == [58, XX, XX, XX, 44, XX, XX, XX, XX, XX]
  -> [- ,  4,  1,  1, - ,  1,  1,  1,  1,  1]

462: [44, 72, 44, 72, 72, 72, 72, 72, 72, 64] == [64] Changed {52}, Perturbations {3}
     [44, 72, 44, 72, 72, 72, 72, 72, 72, 64] -> [64] 0.542, [72] 0.284, [57] 0.020
     [44, 72, 44, 72,  5, 72,  1, 72,  0, 64] -> [72] 0.480, [64] 0.329, [57] 0.021
  == [44, 72, 44, 72, XX, 72, XX, 72, XX, 64]
  -> [- , - , - , - ,  5, - ,  1, - ,  0, - ]

467: [89, 89, 89, 89, 89, 89, 72, 72, 64, 64] == [64] Changed {52}, Perturbations {3}
     [89, 89, 89, 89, 89, 89, 72, 72, 64, 64] -> [64] 0.537, [72] 0.307, [57] 0.020
     [89, 89, 89, 89, 89,  0,  0, 72,  0, 64] -> [72] 0.488, [64] 0.326, [57] 0.022
  == [89, 89, 89, 89, 89, XX, XX, 72, XX, 64]
  -> [- , - , - , - , - ,  0,  0, - ,  0, - ]

472: [89, 89, 89, 89, 89, 72, 72, 64, 64, 64] == [64] Changed {52}, Perturbations {8}
     [89, 89, 89, 89, 89, 72, 72, 64, 64, 64] -> [64] 0.785, [72] 0.077, [57] 0.017
     [ 0,  0,  0,  0,  9, 72, 72,  0,  0,  0] -> [ 0] 0.777, [72] 0.045, [ 2] 0.016
  == [XX, XX, XX, XX, XX, 72, 72, XX, XX, XX]
  -> [ 0,  0,  0,  0,  9, - , - ,  0,  0,  0]

473: [72, 72, 72, 64, 64, 64, 64, 64, 64, 64] == [64] Changed {52}, Perturbations {7}
     [72, 72, 72, 64, 64, 64, 64, 64, 64, 64] -> [64] 0.724, [72] 0.127, [57] 0.017
     [72, 72, 72,  4,  4,  4,  1,  0,  0,  0] -> [ 0] 0.758, [72] 0.046, [ 2] 0.018
  == [72, 72, 72, XX, XX, XX, XX, XX, XX, XX]
  -> [- , - , - ,  4,  4,  4,  1,  0,  0,  0]

479: [72, 72, 44, 72, 72, 72, 72, 44, 72, 84] == [84] Changed {52}, Perturbations {8}
     [72, 72, 44, 72, 72, 72, 72, 44, 72, 84] -> [84] 0.465, [72] 0.266, [64] 0.031
     [72,  5, 44,  5,  5,  2,  5,  0,  0,  4] -> [72] 0.113, [ 0] 0.071, [ 2] 0.044
  == [72, XX, 44, XX, XX, XX, XX, XX, XX, XX]
  -> [- ,  5, - ,  5,  5,  2,  5,  0,  0,  4]

480: [89, 89, 89, 89, 89, 89, 89, 89, 84, 84] == [84] Changed {52}, Perturbations {6}
     [89, 89, 89, 89, 89, 89, 89, 89, 84, 84] -> [84] 0.674, [72] 0.101, [64] 0.039
     [89, 89, 89, 89,  0,  0,  1,  0,  3,  3] -> [ 3] 0.627, [72] 0.029, [57] 0.016
  == [89, 89, 89, 89, XX, XX, XX, XX, XX, XX]
  -> [- , - , - , - ,  0,  0,  1,  0,  3,  3]

481: [72, 44, 72, 72, 72, 72, 44, 72, 84, 84] == [84] Changed {52}, Perturbations {4}
     [72, 44, 72, 72, 72, 72, 44, 72, 84, 84] -> [84] 0.401, [72] 0.343, [64] 0.034
     [72, 44, 72, 72,  3, 72,  1, 72,  3,  4] -> [72] 0.428, [64] 0.035, [44] 0.024
  == [72, 44, 72, 72, XX, 72, XX, 72, XX, XX]
  -> [- , - , - , - ,  3, - ,  1, - ,  3,  4]

482: [89, 89, 89, 89, 89, 89, 89, 84, 84, 84] == [84] Changed {52}, Perturbations {10}
     [89, 89, 89, 89, 89, 89, 89, 84, 84, 84] -> [84] 0.779, [72] 0.056, [82] 0.038
     [ 2,  5,  5,  5,  3,  2,  3,  2,  2,  2] -> [ 2] 0.851, [72] 0.022, [ 0] 0.011
  == [XX, XX, XX, XX, XX, XX, XX, XX, XX, XX]
  -> [ 2,  5,  5,  5,  3,  2,  3,  2,  2,  2]

483: [44, 72, 72, 72, 72, 44, 72, 84, 84, 84] == [84] Changed {52}, Perturbations {6}
     [44, 72, 72, 72, 72, 44, 72, 84, 84, 84] -> [84] 0.642, [72] 0.123, [82] 0.040
     [44,  5,  5,  5, 72, 44, 72,  3,  3,  2] -> [ 2] 0.807, [72] 0.030, [ 0] 0.012
  == [44, XX, XX, XX, 72, 44, 72, XX, XX, XX]
  -> [- ,  5,  5,  5, - , - , - ,  3,  3,  2]

484: [72, 72, 72, 72, 44, 72, 84, 84, 84, 84] == [84] Changed {52}, Perturbations {7}
     [72, 72, 72, 72, 44, 72, 84, 84, 84, 84] -> [84] 0.689, [72] 0.112, [82] 0.036
     [72,  5,  5, 72,  3, 72,  3,  2,  3,  2] -> [ 2] 0.813, [72] 0.031, [ 0] 0.012
  == [72, XX, XX, 72, XX, 72, XX, XX, XX, XX]
  -> [- ,  5,  5, - ,  3, - ,  3,  2,  3,  2]

485: [89, 89, 89, 89, 89, 89, 84, 84, 84, 84] == [84] Changed {52}, Perturbations {10}
     [89, 89, 89, 89, 89, 89, 84, 84, 84, 84] -> [84] 0.777, [72] 0.057, [82] 0.038
     [ 2,  5,  5,  3,  3,  2,  3,  2,  2,  2] -> [ 2] 0.852, [72] 0.022, [ 0] 0.011
  == [XX, XX, XX, XX, XX, XX, XX, XX, XX, XX]
  -> [ 2,  5,  5,  3,  3,  2,  3,  2,  2,  2]

486: [72, 72, 72, 44, 72, 84, 84, 84, 84, 84] == [84] Changed {52}, Perturbations {6}
     [72, 72, 72, 44, 72, 84, 84, 84, 84, 84] -> [84] 0.746, [72] 0.075, [82] 0.038
     [72,  5, 72, 44, 72,  2,  3,  2,  2,  2] -> [ 2] 0.847, [72] 0.025, [ 0] 0.011
  == [72, XX, 72, 44, 72, XX, XX, XX, XX, XX]
  -> [- ,  5, - , - , - ,  2,  3,  2,  2,  2]

487: [89, 89, 89, 89, 89, 84, 84, 84, 84, 84] == [84] Changed {52}, Perturbations {10}
     [89, 89, 89, 89, 89, 84, 84, 84, 84, 84] -> [84] 0.784, [72] 0.054, [82] 0.038
     [ 2,  2,  2,  2,  3,  2,  3,  2,  2,  2] -> [ 2] 0.857, [72] 0.021, [ 0] 0.010
  == [XX, XX, XX, XX, XX, XX, XX, XX, XX, XX]
  -> [ 2,  2,  2,  2,  3,  2,  3,  2,  2,  2]

488: [72, 72, 44, 72, 84, 84, 84, 84, 84, 84] == [84] Changed {52}, Perturbations {6}
     [72, 72, 44, 72, 84, 84, 84, 84, 84, 84] -> [84] 0.758, [72] 0.069, [82] 0.039
     [72, 72, 44, 72,  3,  2,  3,  2,  2,  2] -> [ 2] 0.848, [72] 0.024, [ 0] 0.011
  == [72, 72, 44, 72, XX, XX, XX, XX, XX, XX]
  -> [- , - , - , - ,  3,  2,  3,  2,  2,  2]

489: [89, 89, 89, 89, 84, 84, 84, 84, 84, 84] == [84] Changed {52}, Perturbations {10}
     [89, 89, 89, 89, 84, 84, 84, 84, 84, 84] -> [84] 0.784, [72] 0.055, [82] 0.038
     [ 2,  2,  2,  2,  3,  2,  3,  2,  2,  2] -> [ 2] 0.857, [72] 0.021, [ 0] 0.010
  == [XX, XX, XX, XX, XX, XX, XX, XX, XX, XX]
  -> [ 2,  2,  2,  2,  3,  2,  3,  2,  2,  2]

490: [89, 89, 89, 84, 84, 84, 84, 84, 84, 84] == [84] Changed {52}, Perturbations {10}
     [89, 89, 89, 84, 84, 84, 84, 84, 84, 84] -> [84] 0.785, [72] 0.054, [82] 0.039
     [ 2,  2,  2,  2,  3,  2,  3,  2,  2,  0] -> [ 0] 0.665, [ 2] 0.064, [72] 0.045
  == [XX, XX, XX, XX, XX, XX, XX, XX, XX, XX]
  -> [ 2,  2,  2,  2,  3,  2,  3,  2,  2,  0]

491: [72, 44, 72, 84, 84, 84, 84, 84, 84, 84] == [84] Changed {52}, Perturbations {7}
     [72, 44, 72, 84, 84, 84, 84, 84, 84, 84] -> [84] 0.768, [72] 0.063, [82] 0.039
     [72, 44, 72,  3,  3,  2,  3,  2,  2,  0] -> [ 0] 0.658, [ 2] 0.056, [72] 0.052
  == [72, 44, 72, XX, XX, XX, XX, XX, XX, XX]
  -> [- , - , - ,  3,  3,  2,  3,  2,  2,  0]

492: [44, 72, 84, 84, 84, 84, 84, 84, 84, 84] == [84] Changed {52}, Perturbations {8}
     [44, 72, 84, 84, 84, 84, 84, 84, 84, 84] -> [84] 0.778, [72] 0.056, [82] 0.040
     [44, 72,  2,  2,  3,  2,  3,  2,  2,  0] -> [ 0] 0.663, [ 2] 0.061, [72] 0.047
  == [44, 72, XX, XX, XX, XX, XX, XX, XX, XX]
  -> [- , - ,  2,  2,  3,  2,  3,  2,  2,  0]

493: [72, 84, 84, 84, 84, 84, 84, 84, 84, 84] == [84] Changed {52}, Perturbations {9}
     [72, 84, 84, 84, 84, 84, 84, 84, 84, 84] -> [84] 0.787, [72] 0.055, [82] 0.039
     [72,  2,  2,  2,  2,  2,  3,  2,  2,  0] -> [ 0] 0.658, [ 2] 0.065, [72] 0.047
  == [72, XX, XX, XX, XX, XX, XX, XX, XX, XX]
  -> [- ,  2,  2,  2,  2,  2,  3,  2,  2,  0]

494: [84, 84, 84, 84, 84, 84, 84, 84, 84, 84] == [84] Changed {52}, Perturbations {10}
     [84, 84, 84, 84, 84, 84, 84, 84, 84, 84] -> [84] 0.800, [72] 0.048, [82] 0.039
     [ 0,  0,  0,  0,  0,  0,  0,  0,  0,  0] -> [ 0] 0.812, [72] 0.033, [ 2] 0.015
  == [XX, XX, XX, XX, XX, XX, XX, XX, XX, XX]
  -> [ 0,  0,  0,  0,  0,  0,  0,  0,  0,  0]

495: [89, 89, 84, 84, 84, 84, 84, 84, 84, 84] == [84] Changed {52}, Perturbations {10}
     [89, 89, 84, 84, 84, 84, 84, 84, 84, 84] -> [84] 0.789, [72] 0.053, [82] 0.039
     [ 2,  2,  2,  2,  2,  2,  2,  2,  2,  0] -> [ 0] 0.658, [ 2] 0.069, [72] 0.045
  == [XX, XX, XX, XX, XX, XX, XX, XX, XX, XX]
  -> [ 2,  2,  2,  2,  2,  2,  2,  2,  2,  0]

496: [89, 84, 84, 84, 84, 84, 84, 84, 84, 84] == [84] Changed {52}, Perturbations {10}
     [89, 84, 84, 84, 84, 84, 84, 84, 84, 84] -> [84] 0.792, [72] 0.051, [82] 0.039
     [ 2,  2,  2,  2,  2,  2,  2,  0,  2,  0] -> [ 0] 0.743, [72] 0.039, [ 2] 0.035
  == [XX, XX, XX, XX, XX, XX, XX, XX, XX, XX]
  -> [ 2,  2,  2,  2,  2,  2,  2,  0,  2,  0]

499: [84, 84, 84, 84, 84, 84, 84, 84, 64, 84] == [84] Changed {52}, Perturbations {9}
     [84, 84, 84, 84, 84, 84, 84, 84, 64, 84] -> [84] 0.722, [72] 0.068, [64] 0.042
     [ 0,  0,  0,  0, 84,  0,  0,  0,  0,  2] -> [ 2] 0.807, [72] 0.026, [ 0] 0.021
  == [XX, XX, XX, XX, 84, XX, XX, XX, XX, XX]
  -> [ 0,  0,  0,  0, - ,  0,  0,  0,  0,  2]

incorrect=185 changed=0 perturbed=283 timeout=32