0: [71, 71, 71, 71, 71, 71, 71, 71, 71, 71] == [71] Changed {52}, Perturbations {10}
   [71, 71, 71, 71, 71, 71, 71, 71, 71, 71] -> [71] 0.821, [64] 0.047, [72] 0.020
   [ 0,  0,  0,  0,  0,  0,  0,  0,  0,  0] -> [ 0] 0.812, [72] 0.033, [ 2] 0.015
== [XX, XX, XX, XX, XX, XX, XX, XX, XX, XX]
-> [ 0,  0,  0,  0,  0,  0,  0,  0,  0,  0]

2: [72, 72, 72, 72, 72, 85, 72, 72, 72, 72] == [72] Changed {52}, Perturbations {9}
   [72, 72, 72, 72, 72, 85, 72, 72, 72, 72] -> [72] 0.827, [64] 0.022, [44] 0.016
   [ 1,  1,  1,  1,  1, 85,  4,  1,  1,  1] -> [ 1] 0.359, [15] 0.125, [ 2] 0.019
== [XX, XX, XX, XX, XX, 85, XX, XX, XX, XX]
-> [ 1,  1,  1,  1,  1, - ,  4,  1,  1,  1]

3: [86, 87, 86, 87, 66, 66, 42, 42, 42, 72] == [72] Changed {52}, Perturbations {2}
   [86, 87, 86, 87, 66, 66, 42, 42, 42, 72] -> [72] 0.508, [42] 0.219, [78] 0.023
   [86, 87, 86, 87, 66, 66,  1, 42, 42,  1] -> [ 1] 0.234, [15] 0.118, [72] 0.027
== [86, 87, 86, 87, 66, 66, XX, 42, 42, XX]
-> [- , - , - , - , - , - ,  1, - , - ,  1]

4: [72, 72, 72, 72, 85, 72, 72, 72, 72, 72] == [72] Changed {52}, Perturbations {9}
   [72, 72, 72, 72, 85, 72, 72, 72, 72, 72] -> [72] 0.860, [64] 0.019, [44] 0.014
   [ 2,  2,  2,  2, 85,  2,  2,  2,  2,  2] -> [ 2] 0.858, [72] 0.021, [ 0] 0.010
== [XX, XX, XX, XX, 85, XX, XX, XX, XX, XX]
-> [ 2,  2,  2,  2, - ,  2,  2,  2,  2,  2]

5: [87, 86, 87, 66, 66, 42, 42, 42, 72, 72] == [72] Changed {52}, Perturbations {2}
   [87, 86, 87, 66, 66, 42, 42, 42, 72, 72] -> [72] 0.496, [42] 0.226, [78] 0.024
   [87, 86, 87, 66, 66, 42,  1, 42, 72,  1] -> [ 1] 0.234, [15] 0.118, [72] 0.037
== [87, 86, 87, 66, 66, 42, XX, 42, 72, XX]
-> [- , - , - , - , - , - ,  1, - , - ,  1]

6: [72, 72, 72, 85, 72, 72, 72, 72, 72, 72] == [72] Changed {52}, Perturbations {9}
   [72, 72, 72, 85, 72, 72, 72, 72, 72, 72] -> [72] 0.853, [64] 0.020, [44] 0.014
   [ 2,  2,  4, 85,  4,  2,  4,  2,  2,  2] -> [ 2] 0.853, [72] 0.022, [ 0] 0.011
== [XX, XX, XX, 85, XX, XX, XX, XX, XX, XX]
-> [ 2,  2,  4, - ,  4,  2,  4,  2,  2,  2]

7: [86, 87, 66, 66, 42, 42, 42, 72, 72, 72] == [72] Changed {52}, Perturbations {4}
   [86, 87, 66, 66, 42, 42, 42, 72, 72, 72] -> [72] 0.609, [42] 0.108, [86] 0.022
   [86, 87,  1,  1, 42, 42, 42,  1, 72,  1] -> [ 1] 0.264, [15] 0.119, [72] 0.032
== [86, 87, XX, XX, 42, 42, 42, XX, 72, XX]
-> [- , - ,  1,  1, - , - , - ,  1, - ,  1]

8: [72, 72, 85, 72, 72, 72, 72, 72, 72, 72] == [72] Changed {52}, Perturbations {9}
   [72, 72, 85, 72, 72, 72, 72, 72, 72, 72] -> [72] 0.859, [64] 0.019, [44] 0.014
   [ 2,  2, 85,  2,  2,  2,  4,  2,  2,  2] -> [ 2] 0.856, [72] 0.022, [ 0] 0.010
== [XX, XX, 85, XX, XX, XX, XX, XX, XX, XX]
-> [ 2,  2, - ,  2,  2,  2,  4,  2,  2,  2]

10: [72, 85, 72, 72, 72, 72, 72, 72, 72, 72] == [72] Changed {52}, Perturbations {9}
    [72, 85, 72, 72, 72, 72, 72, 72, 72, 72] -> [72] 0.856, [64] 0.020, [44] 0.014
    [ 2, 85,  2,  2,  4,  2,  4,  2,  2,  2] -> [ 2] 0.855, [72] 0.022, [ 0] 0.010
 == [XX, 85, XX, XX, XX, XX, XX, XX, XX, XX]
 -> [ 2, - ,  2,  2,  4,  2,  4,  2,  2,  2]

12: [71, 71, 71, 71, 71, 71, 71, 71, 71, 76] == [79] Changed {52}, Perturbations {2}
    [71, 71, 71, 71, 71, 71, 71, 71, 71, 76] -> [79] 0.344, [71] 0.142, [77] 0.107
    [71, 71, 71, 71, 71, 71,  3, 71, 71,  4] -> [71] 0.215, [64] 0.078, [72] 0.072
 == [71, 71, 71, 71, 71, 71, XX, 71, 71, XX]
 -> [- , - , - , - , - , - ,  3, - , - ,  4]

15: [71, 71, 71, 71, 71, 71, 71, 79, 76, 77] == [71] Changed {52}, Perturbations {8}
    [71, 71, 71, 71, 71, 71, 71, 79, 76, 77] -> [71] 0.213, [79] 0.160, [77] 0.134
    [ 0,  0,  0,  0,  0,  0,  0, 79,  0, 77] -> [79] 0.168, [77] 0.123, [74] 0.080
 == [XX, XX, XX, XX, XX, XX, XX, 79, XX, 77]
 -> [ 0,  0,  0,  0,  0,  0,  0, - ,  0, - ]

16: [71, 71, 71, 71, 71, 71, 71, 76, 79, 77] == [71] Changed {52}, Perturbations {9}
    [71, 71, 71, 71, 71, 71, 71, 76, 79, 77] -> [71] 0.232, [79] 0.163, [77] 0.130
    [ 0,  0,  0,  0,  0,  0,  0,  0,  0, 77] -> [79] 0.126, [77] 0.111, [74] 0.044
 == [XX, XX, XX, XX, XX, XX, XX, XX, XX, 77]
 -> [ 0,  0,  0,  0,  0,  0,  0,  0,  0, - ]

17: [72, 72, 72, 72, 72, 72, 72, 72, 72, 72] == [72] Changed {52}, Perturbations {10}
    [72, 72, 72, 72, 72, 72, 72, 72, 72, 72] -> [72] 0.865, [64] 0.019, [44] 0.013
    [ 2,  2,  2,  2,  2,  2,  2,  2,  2,  2] -> [ 2] 0.859, [72] 0.021, [ 0] 0.010
 == [XX, XX, XX, XX, XX, XX, XX, XX, XX, XX]
 -> [ 2,  2,  2,  2,  2,  2,  2,  2,  2,  2]

19: [85, 72, 72, 72, 72, 72, 72, 72, 72, 72] == [72] Changed {80}, Perturbations {9}
    [85, 72, 72, 72, 72, 72, 72, 72, 72, 72] -> [72] 0.842, [64] 0.021, [44] 0.015
51< [85,  4,  4,  1,  1,  1,  1,  1,  1,  4] -> [72] 0.054, [ 1] 0.046, [15] 0.035
    [85,  4,  4,  1,  1,  1,  1,  1,  1,  1] -> [ 1] 0.360, [15] 0.129, [ 2] 0.020
 == [85, XX, XX, XX, XX, XX, XX, XX, XX, XX]
 -> [- ,  4,  4,  1,  1,  1,  1,  1,  1,  1]

incorrect=6 changed=0 perturbed=14 timeout=0