3: [86, 87, 86, 87, 66, 66, 42, 42, 42, 72] == [72] Changed {52}, Perturbations {2}
   [86, 87, 86, 87, 66, 66, 42, 42, 42, 72] -> [72] 0.508, [42] 0.219, [78] 0.023
   [86, 87, 86, 87, 66, 66,  1, 42, 42,  1] -> [ 1] 0.234, [15] 0.118, [72] 0.027
== [86, 87, 86, 87, 66, 66, XX, 42, 42, XX]
-> [- , - , - , - , - , - ,  1, - , - ,  1]

5: [87, 86, 87, 66, 66, 42, 42, 42, 72, 72] == [72] Changed {52}, Perturbations {2}
   [87, 86, 87, 66, 66, 42, 42, 42, 72, 72] -> [72] 0.496, [42] 0.226, [78] 0.024
   [87, 86, 87, 66, 66, 42,  1, 42, 72,  1] -> [ 1] 0.234, [15] 0.118, [72] 0.037
== [87, 86, 87, 66, 66, 42, XX, 42, 72, XX]
-> [- , - , - , - , - , - ,  1, - , - ,  1]

12: [71, 71, 71, 71, 71, 71, 71, 71, 71, 76] == [79] Changed {52}, Perturbations {2}
    [71, 71, 71, 71, 71, 71, 71, 71, 71, 76] -> [79] 0.344, [71] 0.142, [77] 0.107
    [71, 71, 71, 71, 71, 71,  3, 71, 71,  4] -> [71] 0.215, [64] 0.078, [72] 0.072
 == [71, 71, 71, 71, 71, 71, XX, 71, 71, XX]
 -> [- , - , - , - , - , - ,  3, - , - ,  4]

29: [64, 64, 64, 64, 64, 57, 64, 72, 86, 87] == [86] Changed {52}, Perturbations {3}
    [64, 64, 64, 64, 64, 57, 64, 72, 86, 87] -> [86] 0.388, [66] 0.267, [87] 0.183
    [64, 64, 64, 64, 64,  0,  0,  0, 86, 87] -> [66] 0.373, [86] 0.274, [87] 0.216
 == [64, 64, 64, 64, 64, XX, XX, XX, 86, 87]
 -> [- , - , - , - , - ,  0,  0,  0, - , - ]

37: [64, 72, 86, 87, 86, 87, 87, 86, 87, 86] == [66] Changed {52}, Perturbations {3}
    [64, 72, 86, 87, 86, 87, 87, 86, 87, 86] -> [66] 0.373, [86] 0.298, [87] 0.211
    [64, 72,  0, 87,  0, 87, 87,  0, 87, 86] -> [86] 0.425, [66] 0.218, [87] 0.171
 == [64, 72, XX, 87, XX, 87, 87, XX, 87, 86]
 -> [- , - ,  0, - ,  0, - , - ,  0, - , - ]

47: [89, 89, 89, 89, 89, 89, 89, 64, 72, 72] == [72] Changed {57}, Perturbations {2}
    [89, 89, 89, 89, 89, 89, 89, 64, 72, 72] -> [72] 0.588, [64] 0.270, [57] 0.015
51< [89, 89, 89, 89, 89, 89,  0, 64,  1, 72] -> [72] 0.390, [64] 0.388, [57] 0.021
    [89, 89, 89, 89, 89, 89,  0, 64,  1, 72] -> [64] 0.392, [72] 0.390, [57] 0.021
 == [89, 89, 89, 89, 89, 89, XX, 64, XX, 72]
 -> [- , - , - , - , - , - ,  0, - ,  1, - ]

incorrect=19 changed=25 perturbed=6 timeout=0