0: [71, 71, 71, 71, 71, 71, 71, 71, 71, 71] == [71] Changed {52}, Perturbations {10}
   [71, 71, 71, 71, 71, 71, 71, 71, 71, 71] -> [71] 0.821, [64] 0.047, [72] 0.020
   [ 0,  0,  0,  0,  0,  0,  0,  0,  0,  0] -> [ 0] 0.812, [72] 0.033, [ 2] 0.015
== [XX, XX, XX, XX, XX, XX, XX, XX, XX, XX]
-> [ 0,  0,  0,  0,  0,  0,  0,  0,  0,  0]

2: [72, 72, 72, 72, 72, 85, 72, 72, 72, 72] == [72] Changed {52}, Perturbations {9}
   [72, 72, 72, 72, 72, 85, 72, 72, 72, 72] -> [72] 0.827, [64] 0.022, [44] 0.016
   [ 1,  1,  1,  1,  1, 85,  4,  1,  1,  1] -> [ 1] 0.359, [15] 0.125, [ 2] 0.019
== [XX, XX, XX, XX, XX, 85, XX, XX, XX, XX]
-> [ 1,  1,  1,  1,  1, - ,  4,  1,  1,  1]

3: [86, 87, 86, 87, 66, 66, 42, 42, 42, 72] == [72] Changed {52}, Perturbations {2}
   [86, 87, 86, 87, 66, 66, 42, 42, 42, 72] -> [72] 0.508, [42] 0.219, [78] 0.023
   [86, 87, 86, 87, 66, 66,  1, 42, 42,  1] -> [ 1] 0.234, [15] 0.118, [72] 0.027
== [86, 87, 86, 87, 66, 66, XX, 42, 42, XX]
-> [- , - , - , - , - , - ,  1, - , - ,  1]

4: [72, 72, 72, 72, 85, 72, 72, 72, 72, 72] == [72] Changed {52}, Perturbations {9}
   [72, 72, 72, 72, 85, 72, 72, 72, 72, 72] -> [72] 0.860, [64] 0.019, [44] 0.014
   [ 2,  2,  2,  2, 85,  2,  2,  2,  2,  2] -> [ 2] 0.858, [72] 0.021, [ 0] 0.010
== [XX, XX, XX, XX, 85, XX, XX, XX, XX, XX]
-> [ 2,  2,  2,  2, - ,  2,  2,  2,  2,  2]

5: [87, 86, 87, 66, 66, 42, 42, 42, 72, 72] == [72] Changed {52}, Perturbations {2}
   [87, 86, 87, 66, 66, 42, 42, 42, 72, 72] -> [72] 0.496, [42] 0.226, [78] 0.024
   [87, 86, 87, 66, 66, 42,  1, 42, 72,  1] -> [ 1] 0.234, [15] 0.118, [72] 0.037
== [87, 86, 87, 66, 66, 42, XX, 42, 72, XX]
-> [- , - , - , - , - , - ,  1, - , - ,  1]

6: [72, 72, 72, 85, 72, 72, 72, 72, 72, 72] == [72] Changed {52}, Perturbations {9}
   [72, 72, 72, 85, 72, 72, 72, 72, 72, 72] -> [72] 0.853, [64] 0.020, [44] 0.014
   [ 2,  2,  4, 85,  4,  2,  4,  2,  2,  2] -> [ 2] 0.853, [72] 0.022, [ 0] 0.011
== [XX, XX, XX, 85, XX, XX, XX, XX, XX, XX]
-> [ 2,  2,  4, - ,  4,  2,  4,  2,  2,  2]

7: [86, 87, 66, 66, 42, 42, 42, 72, 72, 72] == [72] Changed {52}, Perturbations {4}
   [86, 87, 66, 66, 42, 42, 42, 72, 72, 72] -> [72] 0.609, [42] 0.108, [86] 0.022
   [86, 87,  1,  1, 42, 42, 42,  1, 72,  1] -> [ 1] 0.264, [15] 0.119, [72] 0.032
== [86, 87, XX, XX, 42, 42, 42, XX, 72, XX]
-> [- , - ,  1,  1, - , - , - ,  1, - ,  1]

8: [72, 72, 85, 72, 72, 72, 72, 72, 72, 72] == [72] Changed {52}, Perturbations {9}
   [72, 72, 85, 72, 72, 72, 72, 72, 72, 72] -> [72] 0.859, [64] 0.019, [44] 0.014
   [ 2,  2, 85,  2,  2,  2,  4,  2,  2,  2] -> [ 2] 0.856, [72] 0.022, [ 0] 0.010
== [XX, XX, 85, XX, XX, XX, XX, XX, XX, XX]
-> [ 2,  2, - ,  2,  2,  2,  4,  2,  2,  2]

10: [72, 85, 72, 72, 72, 72, 72, 72, 72, 72] == [72] Changed {52}, Perturbations {9}
    [72, 85, 72, 72, 72, 72, 72, 72, 72, 72] -> [72] 0.856, [64] 0.020, [44] 0.014
    [ 2, 85,  2,  2,  4,  2,  4,  2,  2,  2] -> [ 2] 0.855, [72] 0.022, [ 0] 0.010
 == [XX, 85, XX, XX, XX, XX, XX, XX, XX, XX]
 -> [ 2, - ,  2,  2,  4,  2,  4,  2,  2,  2]

12: [71, 71, 71, 71, 71, 71, 71, 71, 71, 76] == [79] Changed {52}, Perturbations {2}
    [71, 71, 71, 71, 71, 71, 71, 71, 71, 76] -> [79] 0.344, [71] 0.142, [77] 0.107
    [71, 71, 71, 71, 71, 71,  3, 71, 71,  4] -> [71] 0.215, [64] 0.078, [72] 0.072
 == [71, 71, 71, 71, 71, 71, XX, 71, 71, XX]
 -> [- , - , - , - , - , - ,  3, - , - ,  4]

15: [71, 71, 71, 71, 71, 71, 71, 79, 76, 77] == [71] Changed {52}, Perturbations {8}
    [71, 71, 71, 71, 71, 71, 71, 79, 76, 77] -> [71] 0.213, [79] 0.160, [77] 0.134
    [ 0,  0,  0,  0,  0,  0,  0, 79,  0, 77] -> [79] 0.168, [77] 0.123, [74] 0.080
 == [XX, XX, XX, XX, XX, XX, XX, 79, XX, 77]
 -> [ 0,  0,  0,  0,  0,  0,  0, - ,  0, - ]

16: [71, 71, 71, 71, 71, 71, 71, 76, 79, 77] == [71] Changed {52}, Perturbations {9}
    [71, 71, 71, 71, 71, 71, 71, 76, 79, 77] -> [71] 0.232, [79] 0.163, [77] 0.130
    [ 0,  0,  0,  0,  0,  0,  0,  0,  0, 77] -> [79] 0.126, [77] 0.111, [74] 0.044
 == [XX, XX, XX, XX, XX, XX, XX, XX, XX, 77]
 -> [ 0,  0,  0,  0,  0,  0,  0,  0,  0, - ]

17: [72, 72, 72, 72, 72, 72, 72, 72, 72, 72] == [72] Changed {52}, Perturbations {10}
    [72, 72, 72, 72, 72, 72, 72, 72, 72, 72] -> [72] 0.865, [64] 0.019, [44] 0.013
    [ 2,  2,  2,  2,  2,  2,  2,  2,  2,  2] -> [ 2] 0.859, [72] 0.021, [ 0] 0.010
 == [XX, XX, XX, XX, XX, XX, XX, XX, XX, XX]
 -> [ 2,  2,  2,  2,  2,  2,  2,  2,  2,  2]

19: [85, 72, 72, 72, 72, 72, 72, 72, 72, 72] == [72] Changed {80}, Perturbations {9}
    [85, 72, 72, 72, 72, 72, 72, 72, 72, 72] -> [72] 0.842, [64] 0.021, [44] 0.015
51< [85,  4,  4,  1,  1,  1,  1,  1,  1,  4] -> [72] 0.054, [ 1] 0.046, [15] 0.035
    [85,  4,  4,  1,  1,  1,  1,  1,  1,  1] -> [ 1] 0.360, [15] 0.129, [ 2] 0.020
 == [85, XX, XX, XX, XX, XX, XX, XX, XX, XX]
 -> [- ,  4,  4,  1,  1,  1,  1,  1,  1,  1]

22: [66, 66, 29, 29, 29, 29, 29, 29, 72, 86] == [87] Changed {52}, Perturbations {4}
    [66, 66, 29, 29, 29, 29, 29, 29, 72, 86] -> [87] 0.687, [86] 0.084, [72] 0.034
    [66, 66,  5,  5, 29, 29, 29, 29,  2,  4] -> [72] 0.085, [ 2] 0.051, [64] 0.035
 == [66, 66, XX, XX, 29, 29, 29, 29, XX, XX]
 -> [- , - ,  5,  5, - , - , - , - ,  2,  4]

23: [64, 64, 64, 64, 64, 64, 57, 64, 72, 86] == [87] Changed {52}, Perturbations {6}
    [64, 64, 64, 64, 64, 64, 57, 64, 72, 86] -> [87] 0.813, [86] 0.058, [72] 0.013
    [64,  5,  5, 64,  5, 64, 57,  6,  0,  4] -> [64] 0.124, [72] 0.095, [57] 0.026
 == [64, XX, XX, 64, XX, 64, 57, XX, XX, XX]
 -> [- ,  5,  5, - ,  5, - , - ,  6,  0,  4]

24: [64, 64, 57, 64, 72, 86, 87, 86, 87, 87] == [86] Changed {52}, Perturbations {5}
    [64, 64, 57, 64, 72, 86, 87, 86, 87, 87] -> [86] 0.751, [87] 0.089, [66] 0.053
    [11, 11, 57, 10, 72, 86, 87, 86,  1,  1] -> [ 1] 0.178, [15] 0.085, [87] 0.030
 == [XX, XX, 57, XX, 72, 86, 87, 86, XX, XX]
 -> [11, 11, - , 10, - , - , - , - ,  1,  1]

25: [29, 29, 29, 29, 29, 72, 86, 87, 87, 86] == [86] Changed {52}, Perturbations {5}
    [29, 29, 29, 29, 29, 72, 86, 87, 87, 86] -> [86] 0.465, [66] 0.212, [87] 0.169
    [29, 29, 29,  7,  5, 10, 86, 11,  1, 86] -> [87] 0.629, [86] 0.077, [66] 0.019
 == [29, 29, 29, XX, XX, XX, 86, XX, XX, 86]
 -> [- , - , - ,  7,  5, 10, - , 11,  1, - ]

26: [64, 64, 64, 57, 64, 72, 86, 87, 86, 87] == [87] Changed {52}, Perturbations {9}
    [64, 64, 64, 57, 64, 72, 86, 87, 86, 87] -> [87] 0.366, [86] 0.245, [66] 0.239
    [ 5,  5,  5, 57,  5,  4,  4,  4,  4,  0] -> [ 0] 0.601, [72] 0.065, [ 2] 0.027
 == [XX, XX, XX, 57, XX, XX, XX, XX, XX, XX]
 -> [ 5,  5,  5, - ,  5,  4,  4,  4,  4,  0]

27: [29, 29, 29, 29, 72, 86, 87, 87, 86, 86] == [87] Changed {52}, Perturbations {6}
    [29, 29, 29, 29, 72, 86, 87, 87, 86, 86] -> [87] 0.757, [86] 0.100, [66] 0.032
    [ 4,  5,  2, 29, 72,  0, 87, 87,  4,  4] -> [86] 0.190, [72] 0.086, [66] 0.061
 == [XX, XX, XX, 29, 72, XX, 87, 87, XX, XX]
 -> [ 4,  5,  2, - , - ,  0, - , - ,  4,  4]

28: [29, 29, 29, 29, 29, 29, 72, 86, 87, 87] == [86] Changed {52}, Perturbations {4}
    [29, 29, 29, 29, 29, 29, 72, 86, 87, 87] -> [86] 0.755, [87] 0.086, [66] 0.051
    [11, 11, 29, 29, 29, 29, 72, 86,  8,  7] -> [72] 0.085, [87] 0.038, [64] 0.027
 == [XX, XX, 29, 29, 29, 29, 72, 86, XX, XX]
 -> [11, 11, - , - , - , - , - , - ,  8,  7]

29: [64, 64, 64, 64, 64, 57, 64, 72, 86, 87] == [86] Changed {52}, Perturbations {3}
    [64, 64, 64, 64, 64, 57, 64, 72, 86, 87] -> [86] 0.388, [66] 0.267, [87] 0.183
    [64, 64, 64, 64, 64,  0,  0,  0, 86, 87] -> [66] 0.373, [86] 0.274, [87] 0.216
 == [64, 64, 64, 64, 64, XX, XX, XX, 86, 87]
 -> [- , - , - , - , - ,  0,  0,  0, - , - ]

33: [29, 29, 72, 86, 87, 87, 86, 86, 87, 87] == [86] Changed {52}, Perturbations {5}
    [29, 29, 72, 86, 87, 87, 86, 86, 87, 87] -> [86] 0.765, [87] 0.088, [66] 0.052
    [ 5, 29, 10, 86, 10, 87, 86, 86,  8,  7] -> [87] 0.074, [72] 0.067, [86] 0.051
 == [XX, 29, XX, 86, XX, 87, 86, 86, XX, XX]
 -> [ 5, - , 10, - , 10, - , - , - ,  8,  7]

35: [29, 29, 29, 72, 86, 87, 87, 86, 86, 87] == [87] Changed {52}, Perturbations {7}
    [29, 29, 29, 72, 86, 87, 87, 86, 86, 87] -> [87] 0.341, [66] 0.282, [86] 0.248
    [29, 29, 29,  4,  4,  4,  4,  4,  4,  0] -> [ 0] 0.614, [72] 0.061, [ 2] 0.028
 == [29, 29, 29, XX, XX, XX, XX, XX, XX, XX]
 -> [- , - , - ,  4,  4,  4,  4,  4,  4,  0]

37: [64, 72, 86, 87, 86, 87, 87, 86, 87, 86] == [66] Changed {52}, Perturbations {3}
    [64, 72, 86, 87, 86, 87, 87, 86, 87, 86] -> [66] 0.373, [86] 0.298, [87] 0.211
    [64, 72,  0, 87,  0, 87, 87,  0, 87, 86] -> [86] 0.425, [66] 0.218, [87] 0.171
 == [64, 72, XX, 87, XX, 87, 87, XX, 87, 86]
 -> [- , - ,  0, - ,  0, - , - ,  0, - , - ]

38: [72, 86, 87, 87, 86, 86, 87, 87, 86, 66] == [66] Changed {52}, Perturbations {6}
    [72, 86, 87, 87, 86, 86, 87, 87, 86, 66] -> [66] 0.698, [86] 0.067, [72] 0.054
    [72,  0,  0,  0, 86,  0, 87, 87,  0,  0] -> [ 0] 0.457, [72] 0.079, [86] 0.071
 == [72, XX, XX, XX, 86, XX, 87, 87, XX, XX]
 -> [- ,  0,  0,  0, - ,  0, - , - ,  0,  0]

39: [72, 86, 87, 86, 87, 87, 86, 87, 86, 66] == [66] Changed {52}, Perturbations {7}
    [72, 86, 87, 86, 87, 87, 86, 87, 86, 66] -> [66] 0.664, [86] 0.073, [72] 0.067
    [72,  0,  0,  0,  0, 87,  0, 87,  0,  0] -> [ 0] 0.501, [72] 0.076, [86] 0.058
 == [72, XX, XX, XX, XX, 87, XX, 87, XX, XX]
 -> [- ,  0,  0,  0,  0, - ,  0, - ,  0,  0]

44: [87, 86, 86, 87, 87, 86, 66, 66, 72, 66] == [66] Changed {52}, Perturbations {7}
    [87, 86, 86, 87, 87, 86, 66, 66, 72, 66] -> [66] 0.759, [72] 0.060, [86] 0.023
    [87,  0,  0,  0,  0,  0, 66,  0, 72,  0] -> [ 0] 0.766, [72] 0.048, [ 2] 0.016
 == [87, XX, XX, XX, XX, XX, 66, XX, 72, XX]
 -> [- ,  0,  0,  0,  0,  0, - ,  0, - ,  0]

45: [86, 87, 87, 86, 87, 86, 66, 66, 72, 66] == [66] Changed {52}, Perturbations {6}
    [86, 87, 87, 86, 87, 86, 66, 66, 72, 66] -> [66] 0.762, [72] 0.059, [86] 0.023
    [ 0, 87, 87,  0,  0,  0, 66,  0, 72,  0] -> [ 0] 0.769, [72] 0.047, [ 2] 0.016
 == [XX, 87, 87, XX, XX, XX, 66, XX, 72, XX]
 -> [ 0, - , - ,  0,  0,  0, - ,  0, - ,  0]

46: [89, 89, 89, 89, 89, 89, 89, 89, 89, 72] == [72] Changed {52}, Perturbations {5}
    [89, 89, 89, 89, 89, 89, 89, 89, 89, 72] -> [72] 0.743, [64] 0.085, [24] 0.027
    [89, 89, 89, 89, 89,  1,  1,  1,  1,  1] -> [ 1] 0.364, [15] 0.129, [ 2] 0.019
 == [89, 89, 89, 89, 89, XX, XX, XX, XX, XX]
 -> [- , - , - , - , - ,  1,  1,  1,  1,  1]

47: [89, 89, 89, 89, 89, 89, 89, 64, 72, 72] == [72] Changed {57}, Perturbations {2}
    [89, 89, 89, 89, 89, 89, 89, 64, 72, 72] -> [72] 0.588, [64] 0.270, [57] 0.015
51< [89, 89, 89, 89, 89, 89,  0, 64,  1, 72] -> [72] 0.390, [64] 0.388, [57] 0.021
    [89, 89, 89, 89, 89, 89,  0, 64,  1, 72] -> [64] 0.392, [72] 0.390, [57] 0.021
 == [89, 89, 89, 89, 89, 89, XX, 64, XX, 72]
 -> [- , - , - , - , - , - ,  0, - ,  1, - ]

50: [72, 42, 42, 42, 42, 22, 22, 42, 42, 42] == [42] Changed {52}, Perturbations {7}
    [72, 42, 42, 42, 42, 22, 22, 42, 42, 42] -> [42] 0.685, [72] 0.120, [22] 0.055
    [72,  0,  0,  0,  0, 22, 22,  0,  4,  0] -> [ 0] 0.739, [72] 0.046, [ 2] 0.019
 == [72, XX, XX, XX, XX, 22, 22, XX, XX, XX]
 -> [- ,  0,  0,  0,  0, - , - ,  0,  4,  0]

55: [42, 42, 72, 72, 72, 72, 42, 72, 72, 72] == [72] Changed {52}, Perturbations {7}
    [42, 42, 72, 72, 72, 72, 42, 72, 72, 72] -> [72] 0.780, [42] 0.045, [64] 0.022
    [42, 42,  1,  1,  1,  1, 42,  1,  1,  1] -> [ 1] 0.349, [15] 0.136, [ 2] 0.020
 == [42, 42, XX, XX, XX, XX, 42, XX, XX, XX]
 -> [- , - ,  1,  1,  1,  1, - ,  1,  1,  1]

65: [72, 72, 72, 72, 72, 72, 72, 57, 58, 57] == [57] Changed {52}, Perturbations {7}
    [72, 72, 72, 72, 72, 72, 72, 57, 58, 57] -> [57] 0.364, [58] 0.231, [72] 0.138
    [72,  5,  4,  4, 10, 72, 72,  4,  4,  4] -> [72] 0.207, [64] 0.043, [86] 0.024
 == [72, XX, XX, XX, XX, 72, 72, XX, XX, XX]
 -> [- ,  5,  4,  4, 10, - , - ,  4,  4,  4]

68: [88, 88, 88, 88, 88, 88, 88, 88, 88, 88] == [88] Changed {52}, Perturbations {10}
    [88, 88, 88, 88, 88, 88, 88, 88, 88, 88] -> [88] 0.893, [44] 0.002, [24] 0.002
    [ 4,  4,  4,  4,  4,  4,  4,  4,  4,  4] -> [72] 0.081, [64] 0.044, [ 2] 0.022
 == [XX, XX, XX, XX, XX, XX, XX, XX, XX, XX]
 -> [ 4,  4,  4,  4,  4,  4,  4,  4,  4,  4]

72: [86, 87, 87, 86, 66, 66, 72, 66, 66, 86] == [87] Changed {52}, Perturbations {8}
    [86, 87, 87, 86, 66, 66, 72, 66, 66, 86] -> [87] 0.750, [86] 0.087, [66] 0.043
    [ 4,  5,  5, 86,  0,  0, 72,  4,  4,  4] -> [72] 0.097, [64] 0.040, [86] 0.025
 == [XX, XX, XX, 86, XX, XX, 72, XX, XX, XX]
 -> [ 4,  5,  5, - ,  0,  0, - ,  4,  4,  4]

73: [72, 72, 72, 42, 72, 72, 72, 72, 42, 86] == [87] Changed {52}, Perturbations {3}
    [72, 72, 72, 42, 72, 72, 72, 72, 42, 86] -> [87] 0.760, [86] 0.080, [72] 0.026
    [72, 72, 72, 42, 72, 72,  1, 72,  0,  4] -> [72] 0.446, [64] 0.036, [44] 0.022
 == [72, 72, 72, 42, 72, 72, XX, 72, XX, XX]
 -> [- , - , - , - , - , - ,  1, - ,  0,  4]

74: [72, 42, 72, 72, 72, 72, 42, 86, 87, 87] == [86] Changed {52}, Perturbations {7}
    [72, 42, 72, 72, 72, 72, 42, 86, 87, 87] -> [86] 0.769, [87] 0.081, [66] 0.047
    [11, 42, 11, 10,  8, 72,  1, 86,  8,  7] -> [72] 0.118, [87] 0.038, [64] 0.028
 == [XX, 42, XX, XX, XX, 72, XX, 86, XX, XX]
 -> [11, - , 11, 10,  8, - ,  1, - ,  8,  7]

75: [87, 86, 66, 66, 72, 66, 66, 86, 87, 87] == [86] Changed {52}, Perturbations {7}
    [87, 86, 66, 66, 72, 66, 66, 86, 87, 87] -> [86] 0.774, [87] 0.084, [66] 0.049
    [ 6, 86,  6,  6, 72,  1,  1, 86,  8,  7] -> [72] 0.083, [87] 0.041, [64] 0.028
 == [XX, 86, XX, XX, 72, XX, XX, 86, XX, XX]
 -> [ 6, - ,  6,  6, - ,  1,  1, - ,  8,  7]

80: [66, 66, 72, 66, 66, 86, 87, 87, 86, 66] == [66] Changed {52}, Perturbations {3}
    [66, 66, 72, 66, 66, 86, 87, 87, 86, 66] -> [66] 0.653, [86] 0.094, [72] 0.057
    [66, 66, 72, 66, 66,  0, 87, 87,  0,  0] -> [ 0] 0.423, [86] 0.087, [72] 0.084
 == [66, 66, 72, 66, 66, XX, 87, 87, XX, XX]
 -> [- , - , - , - , - ,  0, - , - ,  0,  0]

81: [72, 72, 72, 72, 42, 86, 87, 87, 86, 66] == [66] Changed {52}, Perturbations {3}
    [72, 72, 72, 72, 42, 86, 87, 87, 86, 66] -> [66] 0.652, [86] 0.085, [72] 0.064
    [72, 72, 72, 72, 42,  0, 87, 87,  0,  0] -> [ 0] 0.353, [72] 0.120, [86] 0.093
 == [72, 72, 72, 72, 42, XX, 87, 87, XX, XX]
 -> [- , - , - , - , - ,  0, - , - ,  0,  0]

82: [72, 66, 66, 86, 87, 87, 86, 66, 66, 87] == [86] Changed {52}, Perturbations {5}
    [72, 66, 66, 86, 87, 87, 86, 66, 66, 87] -> [86] 0.645, [66] 0.127, [87] 0.081
    [ 0, 66, 66, 86,  0, 87, 86,  1,  7,  4] -> [72] 0.069, [64] 0.030, [86] 0.027
 == [XX, 66, 66, 86, XX, 87, 86, XX, XX, XX]
 -> [ 0, - , - , - ,  0, - , - ,  1,  7,  4]

83: [72, 72, 42, 86, 87, 87, 86, 66, 66, 87] == [86] Changed {52}, Perturbations {6}
    [72, 72, 42, 86, 87, 87, 86, 66, 66, 87] -> [86] 0.646, [66] 0.124, [87] 0.082
    [13,  5, 42, 86,  0, 87, 86,  1,  7,  4] -> [72] 0.067, [86] 0.031, [64] 0.029
 == [XX, XX, 42, 86, XX, 87, 86, XX, XX, XX]
 -> [13,  5, - , - ,  0, - , - ,  1,  7,  4]

88: [42, 86, 87, 87, 86, 66, 66, 87, 86, 86] == [87] Changed {52}, Perturbations {6}
    [42, 86, 87, 87, 86, 66, 66, 87, 86, 86] -> [87] 0.805, [86] 0.082, [66] 0.025
    [42,  5,  5,  2,  2, 66, 66, 87,  4,  4] -> [86] 0.180, [66] 0.092, [72] 0.078
 == [42, XX, XX, XX, XX, 66, 66, 87, XX, XX]
 -> [- ,  5,  5,  2,  2, - , - , - ,  4,  4]

89: [66, 86, 87, 87, 86, 66, 66, 87, 86, 86] == [87] Changed {52}, Perturbations {4}
    [66, 86, 87, 87, 86, 66, 66, 87, 86, 86] -> [87] 0.808, [86] 0.081, [66] 0.025
    [66, 86,  5,  2, 86, 66, 66, 87,  0,  4] -> [86] 0.217, [66] 0.087, [72] 0.078
 == [66, 86, XX, XX, 86, 66, 66, 87, XX, XX]
 -> [- , - ,  5,  2, - , - , - , - ,  0,  4]

91: [87, 87, 86, 66, 66, 87, 86, 86, 87, 66] == [66] Changed {52}, Perturbations {7}
    [87, 87, 86, 66, 66, 87, 86, 86, 87, 66] -> [66] 0.765, [86] 0.042, [72] 0.039
    [ 0,  0,  0,  0, 66, 87,  0,  0, 87,  0] -> [ 0] 0.535, [72] 0.067, [86] 0.051
 == [XX, XX, XX, XX, 66, 87, XX, XX, 87, XX]
 -> [ 0,  0,  0,  0, - , - ,  0,  0, - ,  0]

94: [87, 86, 87, 86, 66, 66, 72, 66, 66, 78] == [78] Changed {52}, Perturbations {6}
    [87, 86, 87, 86, 66, 66, 72, 66, 66, 78] -> [78] 0.571, [72] 0.092, [42] 0.079
    [ 5, 86,  5, 86,  1,  1, 72, 66,  4,  4] -> [72] 0.101, [66] 0.059, [86] 0.041
 == [XX, 86, XX, 86, XX, XX, 72, 66, XX, XX]
 -> [ 5, - ,  5, - ,  1,  1, - , - ,  4,  4]

95: [86, 66, 66, 87, 86, 86, 87, 66, 66, 78] == [78] Changed {52}, Perturbations {4}
    [86, 66, 66, 87, 86, 86, 87, 66, 66, 78] -> [78] 0.334, [66] 0.137, [72] 0.118
    [86,  5,  5,  2, 86, 86, 87, 66, 66,  4] -> [66] 0.250, [72] 0.111, [86] 0.068
 == [86, XX, XX, XX, 86, 86, 87, 66, 66, XX]
 -> [- ,  5,  5,  2, - , - , - , - , - ,  4]

104: [72, 72, 72, 72, 72, 57, 58, 57, 57, 72] == [72] Changed {52}, Perturbations {3}
     [72, 72, 72, 72, 72, 57, 58, 57, 57, 72] -> [72] 0.609, [57] 0.084, [64] 0.074
     [ 0, 72, 72, 72, 72, 57,  0, 57, 57,  1] -> [ 1] 0.138, [15] 0.085, [72] 0.054
  == [XX, 72, 72, 72, 72, 57, XX, 57, 57, XX]
  -> [ 0, - , - , - , - , - ,  0, - , - ,  1]

105: [72, 72, 72, 72, 57, 58, 57, 57, 72, 72] == [72] Changed {52}, Perturbations {8}
     [72, 72, 72, 72, 57, 58, 57, 57, 72, 72] -> [72] 0.699, [64] 0.060, [57] 0.046
     [ 1,  0,  0,  1, 57,  1,  0, 57,  1,  1] -> [ 1] 0.257, [15] 0.117, [72] 0.024
  == [XX, XX, XX, XX, 57, XX, XX, 57, XX, XX]
  -> [ 1,  0,  0,  1, - ,  1,  0, - ,  1,  1]

109: [83, 83, 83, 83, 83, 83, 72, 72, 72, 72] == [72] Changed {52}, Perturbations {8}
     [83, 83, 83, 83, 83, 83, 72, 72, 72, 72] -> [72] 0.797, [83] 0.025, [64] 0.025
     [83,  1,  1,  1,  1,  1, 72,  1,  1,  1] -> [ 1] 0.369, [15] 0.133, [ 2] 0.020
  == [83, XX, XX, XX, XX, XX, 72, XX, XX, XX]
  -> [- ,  1,  1,  1,  1,  1, - ,  1,  1,  1]

110: [83, 83, 83, 83, 83, 72, 72, 72, 72, 72] == [72] Changed {52}, Perturbations {10}
     [83, 83, 83, 83, 83, 72, 72, 72, 72, 72] -> [72] 0.827, [64] 0.023, [44] 0.012
     [ 1,  1,  1,  1,  1,  1,  1,  1,  1,  1] -> [ 1] 0.390, [15] 0.139, [ 2] 0.019
  == [XX, XX, XX, XX, XX, XX, XX, XX, XX, XX]
  -> [ 1,  1,  1,  1,  1,  1,  1,  1,  1,  1]

111: [83, 83, 83, 83, 83, 83, 83, 83, 83, 72] == [72] Changed {52}, Perturbations {1}
     [83, 83, 83, 83, 83, 83, 83, 83, 83, 72] -> [72] 0.655, [83] 0.133, [64] 0.027
     [83, 83, 83, 83, 83, 83, 83, 83, 83,  1] -> [ 1] 0.165, [15] 0.065, [83] 0.060
  == [83, 83, 83, 83, 83, 83, 83, 83, 83, XX]
  -> [- , - , - , - , - , - , - , - , - ,  1]

112: [83, 83, 83, 83, 72, 72, 72, 72, 72, 72] == [72] Changed {52}, Perturbations {10}
     [83, 83, 83, 83, 72, 72, 72, 72, 72, 72] -> [72] 0.829, [64] 0.023, [44] 0.012
     [ 1,  1,  1,  1,  1,  1,  1,  1,  1,  1] -> [ 1] 0.390, [15] 0.139, [ 2] 0.019
  == [XX, XX, XX, XX, XX, XX, XX, XX, XX, XX]
  -> [ 1,  1,  1,  1,  1,  1,  1,  1,  1,  1]

114: [66, 87, 86, 86, 87, 66, 66, 78, 78, 42] == [42] Changed {52}, Perturbations {5}
     [66, 87, 86, 86, 87, 66, 66, 78, 78, 42] -> [42] 0.488, [78] 0.131, [72] 0.109
     [10,  5, 86, 86, 87,  8,  1, 78, 78,  4] -> [72] 0.075, [78] 0.057, [86] 0.037
  == [XX, XX, 86, 86, 87, XX, XX, 78, 78, XX]
  -> [10,  5, - , - , - ,  8,  1, - , - ,  4]

116: [86, 86, 87, 66, 66, 78, 78, 42, 42, 72] == [72] Changed {52}, Perturbations {4}
     [86, 86, 87, 66, 66, 78, 78, 42, 42, 72] -> [72] 0.543, [42] 0.192, [78] 0.029
     [86, 86,  0, 66, 66,  0,  0, 42, 42,  1] -> [ 1] 0.205, [15] 0.120, [42] 0.033
  == [86, 86, XX, 66, 66, XX, XX, 42, 42, XX]
  -> [- , - ,  0, - , - ,  0,  0, - , - ,  1]

118: [87, 66, 66, 78, 78, 42, 42, 72, 72, 72] == [72] Changed {52}, Perturbations {6}
     [87, 66, 66, 78, 78, 42, 42, 72, 72, 72] -> [72] 0.688, [42] 0.066, [78] 0.028
     [87,  1,  1,  1,  1, 42, 42,  1, 72,  1] -> [ 1] 0.293, [15] 0.126, [72] 0.030
  == [87, XX, XX, XX, XX, 42, 42, XX, 72, XX]
  -> [- ,  1,  1,  1,  1, - , - ,  1, - ,  1]

121: [89, 89, 89, 89, 58, 58, 58, 58, 58, 57] == [57] Changed {52}, Perturbations {6}
     [89, 89, 89, 89, 58, 58, 58, 58, 58, 57] -> [57] 0.389, [58] 0.347, [64] 0.098
     [89, 89, 89, 89,  1,  1,  0,  4,  4,  4] -> [72] 0.089, [64] 0.050, [ 2] 0.021
  == [89, 89, 89, 89, XX, XX, XX, XX, XX, XX]
  -> [- , - , - , - ,  1,  1,  0,  4,  4,  4]

122: [71, 71, 71, 71, 79, 76, 77, 71, 84, 57] == [57] Changed {52}, Perturbations {4}
     [71, 71, 71, 71, 79, 76, 77, 71, 84, 57] -> [57] 0.240, [58] 0.188, [64] 0.169
     [71, 71, 71, 71,  1, 76,  1, 71,  4,  1] -> [ 1] 0.158, [15] 0.069, [72] 0.031
  == [71, 71, 71, 71, XX, 76, XX, 71, XX, XX]
  -> [- , - , - , - ,  1, - ,  1, - ,  4,  1]

125: [89, 89, 58, 58, 58, 58, 58, 57, 57, 58] == [58] Changed {52}, Perturbations {8}
     [89, 89, 58, 58, 58, 58, 58, 57, 57, 58] -> [58] 0.397, [57] 0.295, [64] 0.121
     [89,  2,  2,  2,  4,  2, 58,  0,  0,  0] -> [ 0] 0.780, [72] 0.037, [ 2] 0.020
  == [89, XX, XX, XX, XX, XX, 58, XX, XX, XX]
  -> [- ,  2,  2,  2,  4,  2, - ,  0,  0,  0]

126: [71, 71, 79, 76, 77, 71, 84, 57, 57, 58] == [58] Changed {52}, Perturbations {6}
     [71, 71, 79, 76, 77, 71, 84, 57, 57, 58] -> [58] 0.271, [57] 0.241, [64] 0.176
     [71, 71,  2, 76,  4, 71,  4,  4,  4,  2] -> [ 2] 0.796, [72] 0.029, [ 0] 0.013
  == [71, 71, XX, 76, XX, 71, XX, XX, XX, XX]
  -> [- , - ,  2, - ,  4, - ,  4,  4,  4,  2]

128: [71, 79, 76, 77, 71, 84, 57, 57, 58, 58] == [58] Changed {52}, Perturbations {6}
     [71, 79, 76, 77, 71, 84, 57, 57, 58, 58] -> [58] 0.256, [57] 0.242, [64] 0.175
     [71,  2,  2,  2, 71, 84,  4,  4, 58,  2] -> [ 2] 0.817, [72] 0.028, [ 0] 0.012
  == [71, XX, XX, XX, 71, 84, XX, XX, 58, XX]
  -> [- ,  2,  2,  2, - , - ,  4,  4, - ,  2]

129: [57, 58, 58, 58, 58, 58, 58, 58, 57, 58] == [58] Changed {52}, Perturbations {10}
     [57, 58, 58, 58, 58, 58, 58, 58, 57, 58] -> [58] 0.407, [57] 0.289, [64] 0.114
     [ 0,  0,  0,  0,  0,  0,  0,  0,  0,  0] -> [ 0] 0.812, [72] 0.033, [ 2] 0.015
  == [XX, XX, XX, XX, XX, XX, XX, XX, XX, XX]
  -> [ 0,  0,  0,  0,  0,  0,  0,  0,  0,  0]

130: [79, 76, 77, 71, 84, 57, 57, 58, 58, 58] == [58] Changed {52}, Perturbations {9}
     [79, 76, 77, 71, 84, 57, 57, 58, 58, 58] -> [58] 0.311, [57] 0.248, [64] 0.158
     [ 2,  2,  2, 71,  4,  2,  4,  2,  4,  2] -> [ 2] 0.832, [72] 0.025, [ 0] 0.011
  == [XX, XX, XX, 71, XX, XX, XX, XX, XX, XX]
  -> [ 2,  2,  2, - ,  4,  2,  4,  2,  4,  2]

131: [58, 58, 58, 58, 58, 58, 58, 57, 58, 58] == [58] Changed {52}, Perturbations {10}
     [58, 58, 58, 58, 58, 58, 58, 57, 58, 58] -> [58] 0.402, [57] 0.288, [64] 0.116
     [ 0,  0,  0,  0,  0,  0,  2,  0,  0,  0] -> [ 0] 0.810, [72] 0.033, [ 2] 0.015
  == [XX, XX, XX, XX, XX, XX, XX, XX, XX, XX]
  -> [ 0,  0,  0,  0,  0,  0,  2,  0,  0,  0]

132: [76, 77, 71, 84, 57, 57, 58, 58, 58, 58] == [58] Changed {52}, Perturbations {8}
     [76, 77, 71, 84, 57, 57, 58, 58, 58, 58] -> [58] 0.304, [57] 0.260, [64] 0.155
     [ 0,  2, 71, 84,  4,  2,  4,  4,  4,  2] -> [ 2] 0.807, [72] 0.028, [ 0] 0.013
  == [XX, XX, 71, 84, XX, XX, XX, XX, XX, XX]
  -> [ 0,  2, - , - ,  4,  2,  4,  4,  4,  2]

133: [58, 58, 58, 58, 58, 58, 57, 58, 58, 58] == [58] Changed {52}, Perturbations {10}
     [58, 58, 58, 58, 58, 58, 57, 58, 58, 58] -> [58] 0.392, [57] 0.286, [64] 0.119
     [ 0,  0,  0,  0,  0,  0,  0,  0,  0,  0] -> [ 0] 0.812, [72] 0.033, [ 2] 0.015
  == [XX, XX, XX, XX, XX, XX, XX, XX, XX, XX]
  -> [ 0,  0,  0,  0,  0,  0,  0,  0,  0,  0]

134: [77, 71, 84, 57, 57, 58, 58, 58, 58, 58] == [58] Changed {52}, Perturbations {8}
     [77, 71, 84, 57, 57, 58, 58, 58, 58, 58] -> [58] 0.321, [57] 0.271, [64] 0.147
     [ 0, 71, 84,  2,  2,  2,  4,  2,  2,  0] -> [ 0] 0.668, [ 2] 0.060, [72] 0.046
  == [XX, 71, 84, XX, XX, XX, XX, XX, XX, XX]
  -> [ 0, - , - ,  2,  2,  2,  4,  2,  2,  0]

135: [58, 58, 58, 58, 58, 57, 58, 58, 58, 58] == [58] Changed {52}, Perturbations {10}
     [58, 58, 58, 58, 58, 57, 58, 58, 58, 58] -> [58] 0.399, [57] 0.287, [64] 0.117
     [ 0,  0,  0,  0,  0,  0,  0,  0,  0,  0] -> [ 0] 0.812, [72] 0.033, [ 2] 0.015
  == [XX, XX, XX, XX, XX, XX, XX, XX, XX, XX]
  -> [ 0,  0,  0,  0,  0,  0,  0,  0,  0,  0]

136: [71, 84, 57, 57, 58, 58, 58, 58, 58, 58] == [58] Changed {52}, Perturbations {8}
     [71, 84, 57, 57, 58, 58, 58, 58, 58, 58] -> [58] 0.334, [57] 0.279, [64] 0.142
     [71, 84,  0,  2,  2,  2,  2,  2,  2,  0] -> [ 0] 0.657, [ 2] 0.066, [72] 0.046
  == [71, 84, XX, XX, XX, XX, XX, XX, XX, XX]
  -> [- , - ,  0,  2,  2,  2,  2,  2,  2,  0]

137: [58, 58, 58, 58, 57, 58, 58, 58, 58, 58] == [58] Changed {52}, Perturbations {10}
     [58, 58, 58, 58, 57, 58, 58, 58, 58, 58] -> [58] 0.390, [57] 0.285, [64] 0.119
     [ 0,  0,  0,  0,  0,  0,  0,  0,  0,  0] -> [ 0] 0.812, [72] 0.033, [ 2] 0.015
  == [XX, XX, XX, XX, XX, XX, XX, XX, XX, XX]
  -> [ 0,  0,  0,  0,  0,  0,  0,  0,  0,  0]

138: [84, 57, 57, 58, 58, 58, 58, 58, 58, 58] == [58] Changed {52}, Perturbations {9}
     [84, 57, 57, 58, 58, 58, 58, 58, 58, 58] -> [58] 0.355, [57] 0.289, [64] 0.129
     [84,  0,  0,  0,  2,  0,  2,  2,  0,  0] -> [ 0] 0.729, [72] 0.041, [ 2] 0.039
  == [84, XX, XX, XX, XX, XX, XX, XX, XX, XX]
  -> [- ,  0,  0,  0,  2,  0,  2,  2,  0,  0]

139: [89, 58, 58, 58, 58, 58, 57, 57, 58, 58] == [58] Changed {52}, Perturbations {9}
     [89, 58, 58, 58, 58, 58, 57, 57, 58, 58] -> [58] 0.381, [57] 0.292, [64] 0.126
     [89,  2,  2,  2,  2,  2,  4,  0,  0,  0] -> [ 0] 0.781, [72] 0.037, [ 2] 0.021
  == [89, XX, XX, XX, XX, XX, XX, XX, XX, XX]
  -> [- ,  2,  2,  2,  2,  2,  4,  0,  0,  0]

140: [57, 57, 58, 58, 58, 58, 58, 58, 58, 58] == [58] Changed {52}, Perturbations {10}
     [57, 57, 58, 58, 58, 58, 58, 58, 58, 58] -> [58] 0.403, [57] 0.288, [64] 0.115
     [ 0,  0,  0,  0,  0,  0,  0,  0,  0,  0] -> [ 0] 0.812, [72] 0.033, [ 2] 0.015
  == [XX, XX, XX, XX, XX, XX, XX, XX, XX, XX]
  -> [ 0,  0,  0,  0,  0,  0,  0,  0,  0,  0]

144: [58, 58, 58, 58, 58, 58, 58, 58, 58, 57] == [57] Changed {52}, Perturbations {6}
     [58, 58, 58, 58, 58, 58, 58, 58, 58, 57] -> [57] 0.385, [58] 0.376, [64] 0.087
     [58, 58, 58, 58,  1,  8,  1,  4,  4,  4] -> [72] 0.079, [64] 0.053, [57] 0.022
  == [58, 58, 58, 58, XX, XX, XX, XX, XX, XX]
  -> [- , - , - , - ,  1,  8,  1,  4,  4,  4]

152: [58, 58, 58, 58, 58, 57, 57, 72, 57, 58] == [58] Changed {52}, Perturbations {8}
     [58, 58, 58, 58, 58, 57, 57, 72, 57, 58] -> [58] 0.282, [57] 0.264, [72] 0.146
     [ 0, 58,  0,  0,  0,  0,  0, 72,  0,  0] -> [ 0] 0.702, [72] 0.077, [ 2] 0.018
  == [XX, 58, XX, XX, XX, XX, XX, 72, XX, XX]
  -> [ 0, - ,  0,  0,  0,  0,  0, - ,  0,  0]

153: [89, 89, 89, 89, 57, 58, 58, 57, 57, 58] == [58] Changed {52}, Perturbations {9}
     [89, 89, 89, 89, 57, 58, 58, 57, 57, 58] -> [58] 0.379, [57] 0.300, [64] 0.128
     [89,  4,  2,  4,  4,  4,  4,  2,  2,  0] -> [ 0] 0.687, [72] 0.047, [ 2] 0.043
  == [89, XX, XX, XX, XX, XX, XX, XX, XX, XX]
  -> [- ,  4,  2,  4,  4,  4,  4,  2,  2,  0]

154: [58, 58, 58, 58, 57, 57, 72, 57, 58, 58] == [58] Changed {52}, Perturbations {9}
     [58, 58, 58, 58, 57, 57, 72, 57, 58, 58] -> [58] 0.400, [57] 0.290, [64] 0.114
     [ 0,  0,  0,  0,  0,  0, 72,  0,  0,  0] -> [ 0] 0.807, [72] 0.035, [ 2] 0.015
  == [XX, XX, XX, XX, XX, XX, 72, XX, XX, XX]
  -> [ 0,  0,  0,  0,  0,  0, - ,  0,  0,  0]

155: [58, 58, 58, 58, 58, 57, 57, 58, 58, 58] == [58] Changed {52}, Perturbations {10}
     [58, 58, 58, 58, 58, 57, 57, 58, 58, 58] -> [58] 0.404, [57] 0.288, [64] 0.115
     [ 0,  0,  0,  0,  0,  0,  0,  0,  0,  0] -> [ 0] 0.812, [72] 0.033, [ 2] 0.015
  == [XX, XX, XX, XX, XX, XX, XX, XX, XX, XX]
  -> [ 0,  0,  0,  0,  0,  0,  0,  0,  0,  0]

156: [58, 58, 58, 57, 57, 72, 57, 58, 58, 58] == [58] Changed {52}, Perturbations {9}
     [58, 58, 58, 57, 57, 72, 57, 58, 58, 58] -> [58] 0.315, [57] 0.272, [64] 0.134
     [ 0,  0,  0,  0,  2, 72,  2,  0,  0,  0] -> [ 0] 0.784, [72] 0.041, [ 2] 0.017
  == [XX, XX, XX, XX, XX, 72, XX, XX, XX, XX]
  -> [ 0,  0,  0,  0,  2, - ,  2,  0,  0,  0]

157: [58, 58, 58, 58, 57, 57, 58, 58, 58, 58] == [58] Changed {52}, Perturbations {10}
     [58, 58, 58, 58, 57, 57, 58, 58, 58, 58] -> [58] 0.404, [57] 0.288, [64] 0.115
     [ 0,  0,  0,  0,  0,  0,  0,  0,  0,  0] -> [ 0] 0.812, [72] 0.033, [ 2] 0.015
  == [XX, XX, XX, XX, XX, XX, XX, XX, XX, XX]
  -> [ 0,  0,  0,  0,  0,  0,  0,  0,  0,  0]

158: [58, 58, 57, 57, 72, 57, 58, 58, 58, 58] == [58] Changed {52}, Perturbations {9}
     [58, 58, 57, 57, 72, 57, 58, 58, 58, 58] -> [58] 0.400, [57] 0.289, [64] 0.116
     [ 0,  0,  0,  0, 72,  0,  0,  0,  0,  0] -> [ 0] 0.806, [72] 0.035, [ 2] 0.015
  == [XX, XX, XX, XX, 72, XX, XX, XX, XX, XX]
  -> [ 0,  0,  0,  0, - ,  0,  0,  0,  0,  0]

159: [58, 58, 58, 57, 57, 58, 58, 58, 58, 58] == [58] Changed {52}, Perturbations {10}
     [58, 58, 58, 57, 57, 58, 58, 58, 58, 58] -> [58] 0.398, [57] 0.287, [64] 0.117
     [ 0,  0,  0,  0,  0,  0,  0,  0,  0,  0] -> [ 0] 0.812, [72] 0.033, [ 2] 0.015
  == [XX, XX, XX, XX, XX, XX, XX, XX, XX, XX]
  -> [ 0,  0,  0,  0,  0,  0,  0,  0,  0,  0]

160: [58, 57, 57, 72, 57, 58, 58, 58, 58, 58] == [58] Changed {52}, Perturbations {9}
     [58, 57, 57, 72, 57, 58, 58, 58, 58, 58] -> [58] 0.364, [57] 0.282, [64] 0.125
     [ 0,  0,  0, 72,  2,  0,  2,  2,  2,  0] -> [ 0] 0.698, [ 2] 0.050, [72] 0.044
  == [XX, XX, XX, 72, XX, XX, XX, XX, XX, XX]
  -> [ 0,  0,  0, - ,  2,  0,  2,  2,  2,  0]

163: [64, 64, 72, 49, 64, 64, 64, 64, 64, 64] == [64] Changed {52}, Perturbations {9}
     [64, 64, 72, 49, 64, 64, 64, 64, 64, 64] -> [64] 0.808, [72] 0.055, [57] 0.016
     [ 0,  0, 72,  0,  0,  0,  0,  0,  0,  0] -> [ 0] 0.805, [72] 0.035, [ 2] 0.015
  == [XX, XX, 72, XX, XX, XX, XX, XX, XX, XX]
  -> [ 0,  0, - ,  0,  0,  0,  0,  0,  0,  0]

164: [72, 57, 58, 58, 58, 58, 58, 58, 72, 64] == [64] Changed {52}, Perturbations {8}
     [72, 57, 58, 58, 58, 58, 58, 58, 72, 64] -> [64] 0.655, [72] 0.146, [57] 0.047
     [72, 57,  0,  0,  0,  0,  0,  0,  0,  0] -> [ 0] 0.800, [72] 0.036, [ 2] 0.015
  == [72, 57, XX, XX, XX, XX, XX, XX, XX, XX]
  -> [- , - ,  0,  0,  0,  0,  0,  0,  0,  0]

177: [86, 87, 66, 66,  2,  2,  2,  2,  2,  2] == [2] Changed {52}, Perturbations {4}
     [86, 87, 66, 66,  2,  2,  2,  2,  2,  2] -> [ 2] 0.853, [72] 0.022, [ 0] 0.011
     [86,  5,  5,  5,  2,  2,  2,  2,  2,  0] -> [ 0] 0.659, [ 2] 0.062, [72] 0.046
  == [86, XX, XX, XX,  2,  2,  2,  2,  2, XX]
  -> [- ,  5,  5,  5, - , - , - , - , - ,  0]

178: [87, 66, 66,  2,  2,  2,  2,  2,  2,  2] == [2] Changed {52}, Perturbations {2}
     [87, 66, 66,  2,  2,  2,  2,  2,  2,  2] -> [ 2] 0.854, [72] 0.022, [ 0] 0.010
     [87,  5, 66,  2,  2,  2,  2,  2,  2,  0] -> [ 0] 0.668, [ 2] 0.061, [72] 0.045
  == [87, XX, 66,  2,  2,  2,  2,  2,  2, XX]
  -> [- ,  5, - , - , - , - , - , - , - ,  0]

181: [66, 66,  2,  2,  2,  2,  2,  2,  2,  2] == [2] Changed {52}, Perturbations {3}
     [66, 66,  2,  2,  2,  2,  2,  2,  2,  2] -> [ 2] 0.856, [72] 0.022, [ 0] 0.010
     [66, 66,  2,  2,  2,  2,  2,  0,  0,  0] -> [ 0] 0.788, [72] 0.035, [ 2] 0.020
  == [66, 66,  2,  2,  2,  2,  2, XX, XX, XX]
  -> [- , - , - , - , - , - , - ,  0,  0,  0]

183: [66,  2,  2,  2,  2,  2,  2,  2,  2,  2] == [2] Changed {52}, Perturbations {3}
     [66,  2,  2,  2,  2,  2,  2,  2,  2,  2] -> [ 2] 0.857, [72] 0.022, [ 0] 0.010
     [66,  2,  2,  2,  2,  2,  2,  0,  0,  0] -> [ 0] 0.789, [72] 0.035, [ 2] 0.020
  == [66,  2,  2,  2,  2,  2,  2, XX, XX, XX]
  -> [- , - , - , - , - , - , - ,  0,  0,  0]

186: [64, 64, 64, 64, 64, 72, 72, 72, 72, 57] == [57] Changed {52}, Perturbations {5}
     [64, 64, 64, 64, 64, 72, 72, 72, 72, 57] -> [57] 0.379, [58] 0.218, [64] 0.176
     [64, 64, 64, 64, 10,  1,  1, 72,  0,  4] -> [72] 0.232, [64] 0.120, [57] 0.022
  == [64, 64, 64, 64, XX, XX, XX, 72, XX, XX]
  -> [- , - , - , - , 10,  1,  1, - ,  0,  4]

187: [89, 89, 89, 89, 89, 89, 89, 89, 89, 64] == [64] Changed {52}, Perturbations {6}
     [89, 89, 89, 89, 89, 89, 89, 89, 89, 64] -> [64] 0.797, [72] 0.063, [57] 0.019
     [89, 89, 89, 89,  0,  0,  0,  0,  0,  0] -> [ 0] 0.796, [72] 0.037, [ 2] 0.015
  == [89, 89, 89, 89, XX, XX, XX, XX, XX, XX]
  -> [- , - , - , - ,  0,  0,  0,  0,  0,  0]

189: [42, 42, 42, 42, 72, 42, 72, 42, 72, 42] == [42] Changed {52}, Perturbations {8}
     [42, 42, 42, 42, 72, 42, 72, 42, 72, 42] -> [42] 0.619, [72] 0.196, [22] 0.032
     [ 0,  0,  0,  0, 72,  0, 72,  0,  0,  0] -> [ 0] 0.800, [72] 0.037, [ 2] 0.015
  == [XX, XX, XX, XX, 72, XX, 72, XX, XX, XX]
  -> [ 0,  0,  0,  0, - ,  0, - ,  0,  0,  0]

191: [58, 58, 58, 58, 58, 58, 72, 64, 64, 64] == [64] Changed {52}, Perturbations {9}
     [58, 58, 58, 58, 58, 58, 72, 64, 64, 64] -> [64] 0.767, [72] 0.062, [57] 0.035
     [ 0,  0,  0,  0,  9,  0, 72,  0,  0,  0] -> [ 0] 0.804, [72] 0.035, [ 2] 0.015
  == [XX, XX, XX, XX, XX, XX, 72, XX, XX, XX]
  -> [ 0,  0,  0,  0,  9,  0, - ,  0,  0,  0]

194: [83, 83, 83, 83, 83, 83, 83, 83, 83, 83] == [83] Changed {52}, Perturbations {10}
     [83, 83, 83, 83, 83, 83, 83, 83, 83, 83] -> [83] 0.825, [72] 0.044, [64] 0.013
     [ 0,  0,  0,  0,  0,  0,  0,  0,  0,  0] -> [ 0] 0.812, [72] 0.033, [ 2] 0.015
  == [XX, XX, XX, XX, XX, XX, XX, XX, XX, XX]
  -> [ 0,  0,  0,  0,  0,  0,  0,  0,  0,  0]

195: [83, 83, 72, 72, 72, 72, 72, 72, 72, 83] == [83] Changed {52}, Perturbations {6}
     [83, 83, 72, 72, 72, 72, 72, 72, 72, 83] -> [83] 0.715, [72] 0.111, [64] 0.018
     [ 0,  5, 72, 72,  5, 72,  0, 72,  0,  0] -> [ 0] 0.634, [72] 0.107, [ 2] 0.020
  == [XX, XX, 72, 72, XX, 72, XX, 72, XX, XX]
  -> [ 0,  5, - , - ,  5, - ,  0, - ,  0,  0]

196: [83, 72, 72, 72, 72, 72, 72, 72, 83, 83] == [83] Changed {52}, Perturbations {5}
     [83, 72, 72, 72, 72, 72, 72, 72, 83, 83] -> [83] 0.483, [72] 0.290, [64] 0.026
     [ 0, 72, 72, 72,  9, 72,  1, 72,  4,  4] -> [72] 0.419, [64] 0.038, [44] 0.023
  == [XX, 72, 72, 72, XX, 72, XX, 72, XX, XX]
  -> [ 0, - , - , - ,  9, - ,  1, - ,  4,  4]

197: [72, 72, 72, 72, 72, 72, 72, 83, 83, 83] == [83] Changed {52}, Perturbations {7}
     [72, 72, 72, 72, 72, 72, 72, 83, 83, 83] -> [83] 0.712, [72] 0.113, [64] 0.018
     [72,  5,  5,  5, 10, 72, 72,  0,  0,  0] -> [ 0] 0.714, [72] 0.062, [ 2] 0.019
  == [72, XX, XX, XX, XX, 72, 72, XX, XX, XX]
  -> [- ,  5,  5,  5, 10, - , - ,  0,  0,  0]

198: [72, 72, 72, 72, 72, 72, 83, 83, 83, 83] == [83] Changed {52}, Perturbations {8}
     [72, 72, 72, 72, 72, 72, 83, 83, 83, 83] -> [83] 0.743, [72] 0.092, [64] 0.017
     [72,  5,  5,  5, 10, 72,  3,  0,  0,  0] -> [ 0] 0.722, [72] 0.058, [ 2] 0.019
  == [72, XX, XX, XX, XX, 72, XX, XX, XX, XX]
  -> [- ,  5,  5,  5, 10, - ,  3,  0,  0,  0]

199: [72, 72, 72, 72, 72, 83, 83, 83, 83, 83] == [83] Changed {52}, Perturbations {6}
     [72, 72, 72, 72, 72, 83, 83, 83, 83, 83] -> [83] 0.785, [72] 0.066, [64] 0.015
     [72,  5, 72, 72, 72,  4,  4,  0,  0,  0] -> [ 0] 0.752, [72] 0.050, [ 2] 0.018
  == [72, XX, 72, 72, 72, XX, XX, XX, XX, XX]
  -> [- ,  5, - , - , - ,  4,  4,  0,  0,  0]

200: [72, 72, 72, 72, 83, 83, 83, 83, 83, 83] == [83] Changed {52}, Perturbations {6}
     [72, 72, 72, 72, 83, 83, 83, 83, 83, 83] -> [83] 0.795, [72] 0.060, [64] 0.014
     [72, 72, 72, 72,  4,  4,  4,  0,  0,  0] -> [ 0] 0.757, [72] 0.048, [ 2] 0.017
  == [72, 72, 72, 72, XX, XX, XX, XX, XX, XX]
  -> [- , - , - , - ,  4,  4,  4,  0,  0,  0]

201: [72, 72, 72, 83, 83, 83, 83, 83, 83, 83] == [83] Changed {52}, Perturbations {7}
     [72, 72, 72, 83, 83, 83, 83, 83, 83, 83] -> [83] 0.803, [72] 0.056, [64] 0.014
     [72, 72, 72,  4,  4,  4,  4,  0,  0,  0] -> [ 0] 0.757, [72] 0.047, [ 2] 0.018
  == [72, 72, 72, XX, XX, XX, XX, XX, XX, XX]
  -> [- , - , - ,  4,  4,  4,  4,  0,  0,  0]

202: [72, 72, 83, 83, 83, 83, 83, 83, 83, 83] == [83] Changed {52}, Perturbations {8}
     [72, 72, 83, 83, 83, 83, 83, 83, 83, 83] -> [83] 0.811, [72] 0.051, [64] 0.013
     [72, 72,  4,  4,  4,  0,  4,  0,  0,  0] -> [ 0] 0.778, [72] 0.041, [ 2] 0.017
  == [72, 72, XX, XX, XX, XX, XX, XX, XX, XX]
  -> [- , - ,  4,  4,  4,  0,  4,  0,  0,  0]

203: [72, 83, 83, 83, 83, 83, 83, 83, 83, 83] == [83] Changed {52}, Perturbations {9}
     [72, 83, 83, 83, 83, 83, 83, 83, 83, 83] -> [83] 0.817, [72] 0.048, [64] 0.013
     [72,  0,  0,  2,  4,  0,  4,  0,  0,  0] -> [ 0] 0.793, [72] 0.037, [ 2] 0.016
  == [72, XX, XX, XX, XX, XX, XX, XX, XX, XX]
  -> [- ,  0,  0,  2,  4,  0,  4,  0,  0,  0]

205: [64, 64, 64, 64, 72, 72, 72, 72, 57, 57] == [57] Changed {52}, Perturbations {3}
     [64, 64, 64, 64, 72, 72, 72, 72, 57, 57] -> [57] 0.288, [64] 0.221, [72] 0.164
     [64, 64, 64, 64, 72, 72,  1, 72,  4,  4] -> [72] 0.329, [64] 0.138, [57] 0.022
  == [64, 64, 64, 64, 72, 72, XX, 72, XX, XX]
  -> [- , - , - , - , - , - ,  1, - ,  4,  4]

210: [87, 86, 66, 66, 72, 66, 66, 78, 78, 72] == [72] Changed {52}, Perturbations {2}
     [87, 86, 66, 66, 72, 66, 66, 78, 78, 72] -> [72] 0.615, [78] 0.113, [42] 0.030
     [87, 86, 66, 66, 72, 66,  1, 78, 78,  1] -> [ 1] 0.105, [15] 0.073, [72] 0.054
  == [87, 86, 66, 66, 72, 66, XX, 78, 78, XX]
  -> [- , - , - , - , - , - ,  1, - , - ,  1]

212: [89, 89, 89, 89, 89, 89, 89, 18, 18, 18] == [18] Changed {52}, Perturbations {9}
     [89, 89, 89, 89, 89, 89, 89, 18, 18, 18] -> [18] 0.768, [72] 0.068, [64] 0.010
     [89,  5,  5,  5,  7,  7,  4,  0,  0,  0] -> [ 0] 0.756, [72] 0.043, [ 2] 0.018
  == [89, XX, XX, XX, XX, XX, XX, XX, XX, XX]
  -> [- ,  5,  5,  5,  7,  7,  4,  0,  0,  0]

213: [66, 66, 72, 66, 66, 78, 78, 72, 72, 18] == [18] Changed {52}, Perturbations {8}
     [66, 66, 72, 66, 66, 78, 78, 72, 72, 18] -> [18] 0.648, [72] 0.126, [64] 0.013
     [66,  5,  0,  5,  0,  0, 78,  0,  0,  4] -> [72] 0.101, [ 0] 0.088, [ 2] 0.038
  == [66, XX, XX, XX, XX, XX, 78, XX, XX, XX]
  -> [- ,  5,  0,  5,  0,  0, - ,  0,  0,  4]

214: [89, 89, 89, 89, 89, 89, 18, 18, 18, 18] == [18] Changed {52}, Perturbations {10}
     [89, 89, 89, 89, 89, 89, 18, 18, 18, 18] -> [18] 0.757, [72] 0.072, [64] 0.011
     [ 0,  5,  5,  5,  7,  7,  4,  0,  0,  0] -> [ 0] 0.763, [72] 0.041, [ 2] 0.018
  == [XX, XX, XX, XX, XX, XX, XX, XX, XX, XX]
  -> [ 0,  5,  5,  5,  7,  7,  4,  0,  0,  0]

215: [66, 72, 66, 66, 78, 78, 72, 72, 18, 18] == [18] Changed {52}, Perturbations {7}
     [66, 72, 66, 66, 78, 78, 72, 72, 18, 18] -> [18] 0.584, [72] 0.158, [64] 0.015
     [66,  5,  5,  5,  1,  0, 72, 72,  4,  4] -> [72] 0.223, [64] 0.042, [86] 0.026
  == [66, XX, XX, XX, XX, XX, 72, 72, XX, XX]
  -> [- ,  5,  5,  5,  1,  0, - , - ,  4,  4]

216: [89, 89, 89, 89, 89, 18, 18, 18, 18, 18] == [18] Changed {52}, Perturbations {9}
     [89, 89, 89, 89, 89, 18, 18, 18, 18, 18] -> [18] 0.767, [72] 0.069, [64] 0.010
     [89,  5,  5,  5,  7,  0,  4,  0,  0,  0] -> [ 0] 0.779, [72] 0.039, [ 2] 0.017
  == [89, XX, XX, XX, XX, XX, XX, XX, XX, XX]
  -> [- ,  5,  5,  5,  7,  0,  4,  0,  0,  0]

217: [72, 66, 66, 78, 78, 72, 72, 18, 18, 18] == [18] Changed {52}, Perturbations {7}
     [72, 66, 66, 78, 78, 72, 72, 18, 18, 18] -> [18] 0.664, [72] 0.120, [64] 0.013
     [72,  5,  5,  5,  9, 72, 72,  4,  4,  0] -> [ 0] 0.600, [72] 0.088, [ 2] 0.025
  == [72, XX, XX, XX, XX, 72, 72, XX, XX, XX]
  -> [- ,  5,  5,  5,  9, - , - ,  4,  4,  0]

218: [89, 89, 89, 89, 18, 18, 18, 18, 18, 18] == [18] Changed {52}, Perturbations {9}
     [89, 89, 89, 89, 18, 18, 18, 18, 18, 18] -> [18] 0.766, [72] 0.069, [64] 0.010
     [89,  5,  5,  5,  7,  0,  4,  0,  0,  0] -> [ 0] 0.779, [72] 0.039, [ 2] 0.017
  == [89, XX, XX, XX, XX, XX, XX, XX, XX, XX]
  -> [- ,  5,  5,  5,  7,  0,  4,  0,  0,  0]

219: [66, 66, 78, 78, 72, 72, 18, 18, 18, 18] == [18] Changed {52}, Perturbations {8}
     [66, 66, 78, 78, 72, 72, 18, 18, 18, 18] -> [18] 0.677, [72] 0.111, [64] 0.012
     [ 5,  5,  5,  9, 72, 72,  3,  4,  4,  0] -> [ 0] 0.580, [72] 0.087, [ 2] 0.026
  == [XX, XX, XX, XX, 72, 72, XX, XX, XX, XX]
  -> [ 5,  5,  5,  9, - , - ,  3,  4,  4,  0]

220: [89, 89, 89, 18, 18, 18, 18, 18, 18, 18] == [18] Changed {52}, Perturbations {9}
     [89, 89, 89, 18, 18, 18, 18, 18, 18, 18] -> [18] 0.770, [72] 0.067, [64] 0.010
     [89,  0,  0,  5,  7,  0,  4,  0,  0,  0] -> [ 0] 0.791, [72] 0.037, [ 2] 0.016
  == [89, XX, XX, XX, XX, XX, XX, XX, XX, XX]
  -> [- ,  0,  0,  5,  7,  0,  4,  0,  0,  0]

221: [66, 78, 78, 72, 72, 18, 18, 18, 18, 18] == [18] Changed {52}, Perturbations {6}
     [66, 78, 78, 72, 72, 18, 18, 18, 18, 18] -> [18] 0.724, [72] 0.089, [64] 0.011
     [ 0, 78, 78, 72, 72,  7,  4,  0,  5,  0] -> [ 0] 0.707, [72] 0.055, [ 2] 0.020
  == [XX, 78, 78, 72, 72, XX, XX, XX, XX, XX]
  -> [ 0, - , - , - , - ,  7,  4,  0,  5,  0]

222: [89, 89, 18, 18, 18, 18, 18, 18, 18, 18] == [18] Changed {52}, Perturbations {8}
     [89, 89, 18, 18, 18, 18, 18, 18, 18, 18] -> [18] 0.780, [72] 0.064, [64] 0.009
     [89, 89,  0,  0,  5,  0,  4,  0,  0,  0] -> [ 0] 0.793, [72] 0.037, [ 2] 0.016
  == [89, 89, XX, XX, XX, XX, XX, XX, XX, XX]
  -> [- , - ,  0,  0,  5,  0,  4,  0,  0,  0]

223: [42, 42, 42, 72, 42, 72, 42, 72, 42, 42] == [42] Changed {52}, Perturbations {7}
     [42, 42, 42, 72, 42, 72, 42, 72, 42, 42] -> [42] 0.570, [72] 0.241, [22] 0.033
     [ 0,  0,  0, 72,  0, 72,  0, 72,  0,  0] -> [ 0] 0.668, [72] 0.094, [ 2] 0.019
  == [XX, XX, XX, 72, XX, 72, XX, 72, XX, XX]
  -> [ 0,  0,  0, - ,  0, - ,  0, - ,  0,  0]

224: [66, 78, 78, 42, 42, 72, 72, 72, 72, 42] == [42] Changed {52}, Perturbations {9}
     [66, 78, 78, 42, 42, 72, 72, 72, 72, 42] -> [42] 0.607, [72] 0.190, [78] 0.036
     [ 0,  0,  0,  0, 42,  0,  7,  7,  0,  0] -> [ 0] 0.726, [72] 0.048, [ 2] 0.020
  == [XX, XX, XX, XX, 42, XX, XX, XX, XX, XX]
  -> [ 0,  0,  0,  0, - ,  0,  7,  7,  0,  0]

227: [42, 72, 42, 72, 42, 72, 42, 42, 42, 72] == [72] Changed {52}, Perturbations {5}
     [42, 72, 42, 72, 42, 72, 42, 42, 42, 72] -> [72] 0.578, [42] 0.221, [22] 0.023
     [42,  1, 42,  1, 42,  1,  1, 42, 42,  1] -> [ 1] 0.245, [15] 0.116, [42] 0.033
  == [42, XX, 42, XX, 42, XX, XX, 42, 42, XX]
  -> [- ,  1, - ,  1, - ,  1,  1, - , - ,  1]

228: [72, 42, 72, 42, 72, 42, 42, 42, 72, 72] == [72] Changed {52}, Perturbations {4}
     [72, 42, 72, 42, 72, 42, 42, 42, 72, 72] -> [72] 0.536, [42] 0.262, [22] 0.025
     [ 1, 42,  1, 42, 72, 42,  1, 42, 72,  1] -> [ 1] 0.219, [15] 0.114, [72] 0.044
  == [XX, 42, XX, 42, 72, 42, XX, 42, 72, XX]
  -> [ 1, - ,  1, - , - , - ,  1, - , - ,  1]

229: [42, 72, 42, 72, 42, 42, 42, 72, 72, 72] == [72] Changed {54}, Perturbations {4}
     [42, 72, 42, 72, 42, 42, 42, 72, 72, 72] -> [72] 0.585, [42] 0.215, [22] 0.022
51<  [42,  1, 42,  1, 42, 42, 42,  1, 72, 72] -> [72] 0.482, [42] 0.174, [22] 0.032
     [42,  1, 42,  1, 42, 42, 42,  1, 72,  1] -> [ 1] 0.235, [15] 0.117, [72] 0.037
  == [42, XX, 42, XX, 42, 42, 42, XX, 72, XX]
  -> [- ,  1, - ,  1, - , - , - ,  1, - ,  1]

232: [86, 87, 87, 86, 66, 66, 66, 66, 84, 72] == [72] Changed {52}, Perturbations {6}
     [86, 87, 87, 86, 66, 66, 66, 66, 84, 72] -> [72] 0.528, [66] 0.072, [86] 0.051
     [86,  5,  1, 86,  1, 66,  1, 66,  4,  1] -> [ 1] 0.153, [15] 0.119, [72] 0.038
  == [86, XX, XX, 86, XX, 66, XX, 66, XX, XX]
  -> [- ,  5,  1, - ,  1, - ,  1, - ,  4,  1]

235: [89, 89, 89, 89, 89, 89, 89, 89, 13, 13] == [13] Changed {52}, Perturbations {5}
     [89, 89, 89, 89, 89, 89, 89, 89, 13, 13] -> [13] 0.788, [72] 0.029, [57] 0.009
     [89, 89, 89, 89, 89,  0,  1,  0,  4,  0] -> [ 0] 0.718, [72] 0.049, [ 2] 0.020
  == [89, 89, 89, 89, 89, XX, XX, XX, XX, XX]
  -> [- , - , - , - , - ,  0,  1,  0,  4,  0]

236: [83, 83, 83, 83, 83, 83, 83, 83, 44, 13] == [13] Changed {52}, Perturbations {2}
     [83, 83, 83, 83, 83, 83, 83, 83, 44, 13] -> [13] 0.472, [72] 0.077, [83] 0.021
     [83, 83, 83, 83, 83, 83,  0, 83, 44,  4] -> [72] 0.145, [83] 0.069, [64] 0.041
  == [83, 83, 83, 83, 83, 83, XX, 83, 44, XX]
  -> [- , - , - , - , - , - ,  0, - , - ,  4]

237: [89, 89, 89, 89, 89, 89, 89, 13, 13, 13] == [13] Changed {52}, Perturbations {10}
     [89, 89, 89, 89, 89, 89, 89, 13, 13, 13] -> [13] 0.864, [72] 0.015, [57] 0.005
     [ 0,  5,  5,  5,  7,  4,  3,  0,  0,  0] -> [ 0] 0.763, [72] 0.041, [ 2] 0.018
  == [XX, XX, XX, XX, XX, XX, XX, XX, XX, XX]
  -> [ 0,  5,  5,  5,  7,  4,  3,  0,  0,  0]

238: [72,  2,  2,  2,  2,  2,  2,  2,  2, 72] == [72] Changed {52}, Perturbations {3}
     [72,  2,  2,  2,  2,  2,  2,  2,  2, 72] -> [72] 0.661, [ 2] 0.090, [64] 0.025
     [ 0,  2,  2,  2,  2,  2,  2,  2,  1,  1] -> [ 1] 0.205, [15] 0.133, [ 2] 0.099
  == [XX,  2,  2,  2,  2,  2,  2,  2, XX, XX]
  -> [ 0, - , - , - , - , - , - , - ,  1,  1]

240: [78, 78, 42, 42, 72, 72, 72, 72, 42, 42] == [42] Changed {52}, Perturbations {6}
     [78, 78, 42, 42, 72, 72, 72, 72, 42, 42] -> [42] 0.540, [72] 0.256, [78] 0.036
     [ 0,  0,  0,  0, 72, 72, 72, 72,  0,  0] -> [ 0] 0.721, [72] 0.069, [ 2] 0.018
  == [XX, XX, XX, XX, 72, 72, 72, 72, XX, XX]
  -> [ 0,  0,  0,  0, - , - , - , - ,  0,  0]

244: [ 2,  2,  2,  2,  2,  2,  2, 72, 44, 44] == [72] Changed {52}, Perturbations {6}
     [ 2,  2,  2,  2,  2,  2,  2, 72, 44, 44] -> [72] 0.575, [44] 0.202, [ 2] 0.028
     [ 2,  2,  1,  1,  1,  1,  2,  0, 44,  0] -> [ 0] 0.699, [72] 0.049, [ 2] 0.028
  == [ 2,  2, XX, XX, XX, XX,  2, XX, 44, XX]
  -> [- , - ,  1,  1,  1,  1, - ,  0, - ,  0]

245: [83, 83, 83, 83, 83, 44, 13, 13, 44, 72] == [72] Changed {52}, Perturbations {6}
     [83, 83, 83, 83, 83, 44, 13, 13, 44, 72] -> [72] 0.598, [13] 0.039, [44] 0.039
     [ 0,  0, 83,  0,  0,  0, 13, 13, 44,  1] -> [ 1] 0.113, [15] 0.067, [72] 0.049
  == [XX, XX, 83, XX, XX, XX, 13, 13, 44, XX]
  -> [ 0,  0, - ,  0,  0,  0, - , - , - ,  1]

246: [ 2,  2,  2,  2,  2,  2, 72, 44, 44, 72] == [72] Changed {52}, Perturbations {2}
     [ 2,  2,  2,  2,  2,  2, 72, 44, 44, 72] -> [72] 0.517, [44] 0.228, [ 2] 0.041
     [ 2,  2,  2,  2,  2,  2,  0, 44, 44,  1] -> [ 1] 0.107, [15] 0.096, [ 2] 0.067
  == [ 2,  2,  2,  2,  2,  2, XX, 44, 44, XX]
  -> [- , - , - , - , - , - ,  0, - , - ,  1]

248: [87, 87, 86, 86, 87, 66, 66, 66, 66, 79] == [81] Changed {52}, Perturbations {8}
     [87, 87, 86, 86, 87, 66, 66, 66, 66, 79] -> [81] 0.297, [74] 0.193, [79] 0.087
     [ 5,  5, 86, 86,  1,  0,  1,  4,  4,  4] -> [72] 0.079, [64] 0.037, [86] 0.025
  == [XX, XX, 86, 86, XX, XX, XX, XX, XX, XX]
  -> [ 5,  5, - , - ,  1,  0,  1,  4,  4,  4]

249: [89, 89, 89, 89, 89, 89, 89, 89, 64, 79] == [81] Changed {52}, Perturbations {4}
     [89, 89, 89, 89, 89, 89, 89, 89, 64, 79] -> [81] 0.339, [74] 0.190, [76] 0.079
     [89, 89, 89, 89, 89, 89,  0,  0,  0,  4] -> [ 0] 0.154, [72] 0.112, [ 2] 0.039
  == [89, 89, 89, 89, 89, 89, XX, XX, XX, XX]
  -> [- , - , - , - , - , - ,  0,  0,  0,  4]

incorrect=95 changed=0 perturbed=133 timeout=22