Analyzing [3], Perturbations [2], Index [0]
[86, 87, 86, 87, 66, 66, 42, 42, 42, 72] -> [72] 0.509, [42] 0.220, [78] 0.023
[86] 0.01876 [87] 0.01669 [86] 0.01789 [87] 0.02370 [66] 0.02419 [66] 0.04389 [42] 0.02034 [42] 0.14328 [42] 0.13589 [72] 0.55537 
[86, 87, 86, 87, 66, 66, 42, 42, 42,  1] -> [ 1] 0.233, [15] 0.118, [72] 0.027
[86] 0.00889 [87] 0.00745 [86] 0.01062 [87] 0.01018 [66] 0.01244 [66] 0.01842 [42] 0.00890 [42] 0.05713 [42] 0.04455 [ 1] 0.82143 


Analyzing [5], Perturbations [2], Index [1]
[87, 86, 87, 66, 66, 42, 42, 42, 72, 72] -> [72] 0.497, [42] 0.227, [78] 0.023
[87] 0.03032 [86] 0.02640 [87] 0.02328 [66] 0.03801 [66] 0.03201 [42] 0.07454 [42] 0.02623 [42] 0.20591 [72] 0.14446 [72] 0.39884 
[87, 86, 87, 66, 66, 42, 42, 42, 72,  1] -> [ 1] 0.225, [15] 0.117, [72] 0.038
[87] 0.01204 [86] 0.00933 [87] 0.01156 [66] 0.01284 [66] 0.01294 [42] 0.02377 [42] 0.00893 [42] 0.05477 [72] 0.04291 [ 1] 0.81091 


Analyzing [12], Perturbations [2], Index [2]
[71, 71, 71, 71, 71, 71, 71, 71, 71, 76] -> [79] 0.345, [71] 0.142, [77] 0.107
[71] 0.02026 [71] 0.02284 [71] 0.03065 [71] 0.03051 [71] 0.03612 [71] 0.04432 [71] 0.01959 [71] 0.06708 [71] 0.03971 [76] 0.68893 
[71, 71, 71, 71, 71, 71, 71, 71, 71,  4] -> [71] 0.214, [64] 0.080, [72] 0.073
[71] 0.02329 [71] 0.02279 [71] 0.03162 [71] 0.02986 [71] 0.03401 [71] 0.05185 [71] 0.02110 [71] 0.11251 [71] 0.04091 [ 4] 0.63207 


Analyzing [29], Perturbations [3], Index [3]
[64, 64, 64, 64, 64, 57, 64, 72, 86, 87] -> [86] 0.385, [66] 0.270, [87] 0.184
[64] 0.00713 [64] 0.00691 [64] 0.00861 [64] 0.00909 [64] 0.00854 [57] 0.01308 [64] 0.00755 [72] 0.01739 [86] 0.29736 [87] 0.62434 
[64, 64, 64, 64, 64, 57,  0, 72, 86, 87] -> [86] 0.331, [66] 0.323, [87] 0.195
[64] 0.00590 [64] 0.00590 [64] 0.00755 [64] 0.00795 [64] 0.00790 [57] 0.01327 [ 0] 0.00706 [72] 0.02345 [86] 0.34147 [87] 0.57956 


Analyzing [37], Perturbations [3], Index [4]
[64, 72, 86, 87, 86, 87, 87, 86, 87, 86] -> [66] 0.376, [86] 0.295, [87] 0.212
[64] 0.00955 [72] 0.00961 [86] 0.01322 [87] 0.01483 [86] 0.01347 [87] 0.03876 [87] 0.01580 [86] 0.12952 [87] 0.50680 [86] 0.24844 
[64, 72, 86, 87, 86, 87, 87,  0, 87, 86] -> [86] 0.393, [66] 0.251, [87] 0.181
[64] 0.01129 [72] 0.01082 [86] 0.01425 [87] 0.01663 [86] 0.01408 [87] 0.04448 [87] 0.01677 [ 0] 0.15426 [87] 0.48404 [86] 0.23339 


Change did not work on [47], Index [5]

Had to skip 1 out of 6