Analyzing [3], Perturbations [2], Index [0]
[86, 87, 86, 87, 66, 66, 42, 42, 42, 72] -> [72] 0.509, [42] 0.220, [78] 0.023
[86] 0.01876 [87] 0.01669 [86] 0.01789 [87] 0.02370 [66] 0.02419 [66] 0.04389 [42] 0.02034 [42] 0.14328 [42] 0.13589 [72] 0.55537 
[86, 87, 86, 87, 66, 66, 42, 42, 42,  1] -> [ 1] 0.233, [15] 0.118, [72] 0.027
[86] 0.00889 [87] 0.00745 [86] 0.01062 [87] 0.01018 [66] 0.01244 [66] 0.01842 [42] 0.00890 [42] 0.05713 [42] 0.04455 [ 1] 0.82143 

Analyzing [5], Perturbations [2], Index [1]
[87, 86, 87, 66, 66, 42, 42, 42, 72, 72] -> [72] 0.497, [42] 0.227, [78] 0.023
[87] 0.03032 [86] 0.02640 [87] 0.02328 [66] 0.03801 [66] 0.03201 [42] 0.07454 [42] 0.02623 [42] 0.20591 [72] 0.14446 [72] 0.39884 
[87, 86, 87, 66, 66, 42, 42, 42, 72,  1] -> [ 1] 0.225, [15] 0.117, [72] 0.038
[87] 0.01204 [86] 0.00933 [87] 0.01156 [66] 0.01284 [66] 0.01294 [42] 0.02377 [42] 0.00893 [42] 0.05477 [72] 0.04291 [ 1] 0.81091 

Analyzing [12], Perturbations [2], Index [2]
[71, 71, 71, 71, 71, 71, 71, 71, 71, 76] -> [79] 0.345, [71] 0.142, [77] 0.107
[71] 0.02026 [71] 0.02284 [71] 0.03065 [71] 0.03051 [71] 0.03612 [71] 0.04432 [71] 0.01959 [71] 0.06708 [71] 0.03971 [76] 0.68893 
[71, 71, 71, 71, 71, 71, 71, 71, 71,  4] -> [71] 0.214, [64] 0.080, [72] 0.073
[71] 0.02329 [71] 0.02279 [71] 0.03162 [71] 0.02986 [71] 0.03401 [71] 0.05185 [71] 0.02110 [71] 0.11251 [71] 0.04091 [ 4] 0.63207 

Analyzing [29], Perturbations [3], Index [3]
[64, 64, 64, 64, 64, 57, 64, 72, 86, 87] -> [86] 0.385, [66] 0.270, [87] 0.184
[64] 0.00713 [64] 0.00691 [64] 0.00861 [64] 0.00909 [64] 0.00854 [57] 0.01308 [64] 0.00755 [72] 0.01739 [86] 0.29736 [87] 0.62434 
[64, 64, 64, 64, 64, 57,  0, 72, 86, 87] -> [86] 0.331, [66] 0.323, [87] 0.195
[64] 0.00590 [64] 0.00590 [64] 0.00755 [64] 0.00795 [64] 0.00790 [57] 0.01327 [ 0] 0.00706 [72] 0.02345 [86] 0.34147 [87] 0.57956 

Analyzing [37], Perturbations [3], Index [4]
[64, 72, 86, 87, 86, 87, 87, 86, 87, 86] -> [66] 0.376, [86] 0.295, [87] 0.212
[64] 0.00955 [72] 0.00961 [86] 0.01322 [87] 0.01483 [86] 0.01347 [87] 0.03876 [87] 0.01580 [86] 0.12952 [87] 0.50680 [86] 0.24844 
[64, 72, 86, 87, 86, 87, 87,  0, 87, 86] -> [86] 0.393, [66] 0.251, [87] 0.181
[64] 0.01129 [72] 0.01082 [86] 0.01425 [87] 0.01663 [86] 0.01408 [87] 0.04448 [87] 0.01677 [ 0] 0.15426 [87] 0.48404 [86] 0.23339 

Change did not work on [47], Index [5]
Analyzing [73], Perturbations [3], Index [6]
[72, 72, 72, 42, 72, 72, 72, 72, 42, 86] -> [87] 0.763, [86] 0.079, [72] 0.026
[72] 0.01796 [72] 0.01136 [72] 0.01575 [42] 0.01665 [72] 0.01333 [72] 0.02994 [72] 0.00937 [72] 0.03821 [42] 0.11549 [86] 0.73193 
[72, 72, 72, 42, 72, 72, 72, 72, 42,  4] -> [72] 0.312, [42] 0.045, [64] 0.043
[72] 0.02650 [72] 0.01655 [72] 0.01995 [42] 0.02209 [72] 0.01636 [72] 0.03817 [72] 0.01141 [72] 0.04922 [42] 0.05753 [ 4] 0.74222 

Analyzing [80], Perturbations [3], Index [7]
[66, 66, 72, 66, 66, 86, 87, 87, 86, 66] -> [66] 0.656, [86] 0.092, [72] 0.057
[66] 0.00703 [66] 0.00377 [72] 0.00494 [66] 0.00573 [66] 0.00415 [86] 0.03963 [87] 0.00371 [87] 0.23845 [86] 0.04876 [66] 0.64384 
[66, 66, 72, 66, 66, 86, 87, 87, 86,  0] -> [ 0] 0.219, [86] 0.139, [87] 0.108
[66] 0.00917 [66] 0.00664 [72] 0.00897 [66] 0.00953 [66] 0.00771 [86] 0.03404 [87] 0.00864 [87] 0.17475 [86] 0.17286 [ 0] 0.56769 

Analyzing [81], Perturbations [3], Index [8]
[72, 72, 72, 72, 42, 86, 87, 87, 86, 66] -> [66] 0.646, [86] 0.087, [72] 0.065
[72] 0.01052 [72] 0.00589 [72] 0.00755 [72] 0.00917 [42] 0.00646 [86] 0.05157 [87] 0.00501 [87] 0.21459 [86] 0.03985 [66] 0.64937 
[72, 72, 72, 72, 42, 86, 87, 87, 86,  0] -> [ 0] 0.218, [86] 0.127, [72] 0.108
[72] 0.01352 [72] 0.01003 [72] 0.01345 [72] 0.01503 [42] 0.01214 [86] 0.04589 [87] 0.01142 [87] 0.17258 [86] 0.14200 [ 0] 0.56395 

Had to skip 1 out of 9