Analyzing [3], Perturbations [3], Index [0]
[86, 87, 86, 87, 66, 66, 42, 42, 42, 72] -> [72] 0.507, [42] 0.219, [78] 0.023
[86] 0.01897 [87] 0.01719 [86] 0.01875 [87] 0.02467 [66] 0.02576 [66] 0.04421 [42] 0.02166 [42] 0.14396 [42] 0.13141 [72] 0.55343 
[86, 87, 86, 87, 66, 66, 42, 42, 42,  1] -> [ 1] 0.233, [15] 0.118, [72] 0.027
[86] 0.00889 [87] 0.00736 [86] 0.01076 [87] 0.01014 [66] 0.01238 [66] 0.01843 [42] 0.00886 [42] 0.05700 [42] 0.04516 [ 1] 0.82103 

Analyzing [5], Perturbations [3], Index [1]
[87, 86, 87, 66, 66, 42, 42, 42, 72, 72] -> [72] 0.496, [42] 0.228, [78] 0.023
[87] 0.03010 [86] 0.02636 [87] 0.02322 [66] 0.03820 [66] 0.03202 [42] 0.07605 [42] 0.02633 [42] 0.20566 [72] 0.14155 [72] 0.40051 
[87, 86, 87, 66, 66, 42, 42, 42, 72,  1] -> [ 1] 0.225, [15] 0.117, [72] 0.038
[87] 0.01203 [86] 0.00960 [87] 0.01158 [66] 0.01318 [66] 0.01341 [42] 0.02424 [42] 0.00904 [42] 0.05391 [72] 0.04205 [ 1] 0.81096 

Results: skipped=0/shortcuts=0 out of 2