Analyzing [3], Perturbations [2], Index [0]
[86, 87, 86, 87, 66, 66, 42, 42, 42, 72] -> [72] 0.508, [42] 0.218, [78] 0.023
[86] 0.01905 [87] 0.01733 [86] 0.01877 [87] 0.02455 [66] 0.02559 [66] 0.04416 [42] 0.02160 [42] 0.14173 [42] 0.13225 [72] 0.55496 
[86, 87, 86, 87, 66, 66, 42, 42, 42,  1] -> [ 1] 0.232, [15] 0.117, [72] 0.027
[86] 0.00911 [87] 0.00752 [86] 0.01084 [87] 0.01015 [66] 0.01266 [66] 0.01829 [42] 0.00892 [42] 0.05760 [42] 0.04499 [ 1] 0.81993 

Analyzing [5], Perturbations [2], Index [1]
[87, 86, 87, 66, 66, 42, 42, 42, 72, 72] -> [72] 0.490, [42] 0.232, [78] 0.024
[87] 0.03165 [86] 0.02668 [87] 0.02321 [66] 0.03842 [66] 0.03127 [42] 0.07762 [42] 0.02657 [42] 0.21159 [72] 0.13463 [72] 0.39836 
[87, 86, 87, 66, 66, 42, 42, 42, 72,  1] -> [ 1] 0.224, [15] 0.117, [72] 0.038
[87] 0.01219 [86] 0.00995 [87] 0.01178 [66] 0.01353 [66] 0.01375 [42] 0.02438 [42] 0.00943 [42] 0.05289 [72] 0.04200 [ 1] 0.81011 

Analyzing [12], Perturbations [2], Index [2]
[71, 71, 71, 71, 71, 71, 71, 71, 71, 76] -> [79] 0.343, [71] 0.144, [77] 0.107
[71] 0.02075 [71] 0.02314 [71] 0.03123 [71] 0.03083 [71] 0.03666 [71] 0.04396 [71] 0.01984 [71] 0.06840 [71] 0.03788 [76] 0.68730 
[71, 71, 71, 71, 71, 71, 71, 71, 71,  4] -> [71] 0.216, [64] 0.080, [72] 0.072
[71] 0.02338 [71] 0.02308 [71] 0.03187 [71] 0.02983 [71] 0.03390 [71] 0.05273 [71] 0.02139 [71] 0.11363 [71] 0.03961 [ 4] 0.63057 

Analyzing [29], Perturbations [3], Index [3]
[64, 64, 64, 64, 64, 57, 64, 72, 86, 87] -> [86] 0.388, [66] 0.268, [87] 0.184
[64] 0.00727 [64] 0.00683 [64] 0.00833 [64] 0.00882 [64] 0.00809 [57] 0.01302 [64] 0.00729 [72] 0.01780 [86] 0.29566 [87] 0.62688 
[64, 64, 64, 64, 64, 57,  0, 72, 86, 87] -> [66] 0.328, [86] 0.326, [87] 0.196
[64] 0.00589 [64] 0.00589 [64] 0.00742 [64] 0.00793 [64] 0.00787 [57] 0.01332 [ 0] 0.00723 [72] 0.02285 [86] 0.34769 [87] 0.57392 

Analyzing [37], Perturbations [3], Index [4]
[64, 72, 86, 87, 86, 87, 87, 86, 87, 86] -> [66] 0.372, [86] 0.299, [87] 0.211
[64] 0.00945 [72] 0.00960 [86] 0.01295 [87] 0.01480 [86] 0.01334 [87] 0.03850 [87] 0.01582 [86] 0.12876 [87] 0.51234 [86] 0.24444 
[64, 72, 86, 87, 86, 87, 87,  0, 87, 86] -> [86] 0.390, [66] 0.253, [87] 0.181
[64] 0.01119 [72] 0.01053 [86] 0.01462 [87] 0.01631 [86] 0.01382 [87] 0.04594 [87] 0.01587 [ 0] 0.15929 [87] 0.47857 [86] 0.23387 

Change did not work on [47], Index [5]
Change did not work on [59], Index [6]
Analyzing [73], Perturbations [3], Index [7]
[72, 72, 72, 42, 72, 72, 72, 72, 42, 86] -> [87] 0.763, [86] 0.079, [72] 0.025
[72] 0.01741 [72] 0.01141 [72] 0.01571 [42] 0.01630 [72] 0.01288 [72] 0.02938 [72] 0.00928 [72] 0.03829 [42] 0.11714 [86] 0.73221 
[72, 72, 72, 42, 72, 72, 72, 72, 42,  4] -> [72] 0.309, [42] 0.045, [64] 0.043
[72] 0.02619 [72] 0.01603 [72] 0.01932 [42] 0.02149 [72] 0.01585 [72] 0.03778 [72] 0.01103 [72] 0.05016 [42] 0.05879 [ 4] 0.74335 

Analyzing [80], Perturbations [3], Index [8]
[66, 66, 72, 66, 66, 86, 87, 87, 86, 66] -> [66] 0.660, [86] 0.090, [72] 0.056
[66] 0.00713 [66] 0.00397 [72] 0.00507 [66] 0.00584 [66] 0.00430 [86] 0.04028 [87] 0.00387 [87] 0.23509 [86] 0.05035 [66] 0.64410 
[66, 66, 72, 66, 66, 86, 87, 87, 86,  0] -> [ 0] 0.228, [86] 0.137, [87] 0.102
[66] 0.00889 [66] 0.00656 [72] 0.00871 [66] 0.00920 [66] 0.00756 [86] 0.03314 [87] 0.00841 [87] 0.17900 [86] 0.16549 [ 0] 0.57304 

Analyzing [81], Perturbations [3], Index [9]
[72, 72, 72, 72, 42, 86, 87, 87, 86, 66] -> [66] 0.645, [86] 0.088, [72] 0.065
[72] 0.01015 [72] 0.00571 [72] 0.00737 [72] 0.00889 [42] 0.00653 [86] 0.05109 [87] 0.00491 [87] 0.21629 [86] 0.03879 [66] 0.65026 
[72, 72, 72, 72, 42, 86, 87, 87, 86,  0] -> [ 0] 0.218, [86] 0.125, [72] 0.107
[72] 0.01328 [72] 0.01000 [72] 0.01337 [72] 0.01498 [42] 0.01205 [86] 0.04548 [87] 0.01139 [87] 0.16641 [86] 0.14861 [ 0] 0.56443 

Analyzing [104], Perturbations [3], Index [10]
[72, 72, 72, 72, 72, 57, 58, 57, 57, 72] -> [72] 0.605, [57] 0.086, [64] 0.075
[72] 0.02672 [72] 0.01750 [72] 0.02114 [72] 0.02481 [72] 0.01854 [57] 0.05921 [58] 0.01902 [57] 0.17465 [57] 0.16428 [72] 0.47412 
[72, 72, 72, 72, 72, 57, 58, 57, 57,  1] -> [ 1] 0.171, [15] 0.091, [72] 0.051
[72] 0.01506 [72] 0.00900 [72] 0.01448 [72] 0.01246 [72] 0.01051 [57] 0.03083 [58] 0.00943 [57] 0.08861 [57] 0.06957 [ 1] 0.74005 

Analyzing [111], Perturbations [1], Index [11]
[83, 83, 83, 83, 83, 83, 83, 83, 83, 72] -> [72] 0.653, [83] 0.134, [64] 0.027
[83] 0.01456 [83] 0.01080 [83] 0.01171 [83] 0.01516 [83] 0.01317 [83] 0.04589 [83] 0.01410 [83] 0.27506 [83] 0.20707 [72] 0.39248 
[83, 83, 83, 83, 83, 83, 83, 83, 83,  1] -> [ 1] 0.167, [15] 0.066, [83] 0.059
[83] 0.00895 [83] 0.00591 [83] 0.00879 [83] 0.00799 [83] 0.00810 [83] 0.02405 [83] 0.00761 [83] 0.14904 [83] 0.09074 [ 1] 0.68883 

Analyzing [178], Perturbations [2], Index [12]
[87, 66, 66,  2,  2,  2,  2,  2,  2,  2] -> [ 2] 0.854, [72] 0.022, [ 0] 0.010
[87] 0.00352 [66] 0.00171 [66] 0.00253 [ 2] 0.00221 [ 2] 0.00187 [ 2] 0.00834 [ 2] 0.00157 [ 2] 0.03895 [ 2] 0.05226 [ 2] 0.88704 
[87, 66, 66,  2,  2,  2,  2,  2,  2,  0] -> [ 0] 0.661, [ 2] 0.065, [72] 0.045
[87] 0.00512 [66] 0.00285 [66] 0.00401 [ 2] 0.00376 [ 2] 0.00314 [ 2] 0.01376 [ 2] 0.00294 [ 2] 0.09752 [ 2] 0.08086 [ 0] 0.78603 

Analyzing [181], Perturbations [3], Index [13]
[66, 66,  2,  2,  2,  2,  2,  2,  2,  2] -> [ 2] 0.856, [72] 0.022, [ 0] 0.010
[66] 0.00380 [66] 0.00185 [ 2] 0.00277 [ 2] 0.00247 [ 2] 0.00199 [ 2] 0.00965 [ 2] 0.00170 [ 2] 0.04175 [ 2] 0.05198 [ 2] 0.88205 
[66, 66,  2,  2,  2,  2,  2,  2,  2,  0] -> [ 0] 0.652, [ 2] 0.070, [72] 0.046
[66] 0.00559 [66] 0.00309 [ 2] 0.00430 [ 2] 0.00405 [ 2] 0.00341 [ 2] 0.01486 [ 2] 0.00312 [ 2] 0.10411 [ 2] 0.08048 [ 0] 0.77697 

Analyzing [183], Perturbations [3], Index [14]
[66,  2,  2,  2,  2,  2,  2,  2,  2,  2] -> [ 2] 0.857, [72] 0.022, [ 0] 0.010
[66] 0.00412 [ 2] 0.00194 [ 2] 0.00285 [ 2] 0.00254 [ 2] 0.00212 [ 2] 0.00944 [ 2] 0.00174 [ 2] 0.04096 [ 2] 0.05021 [ 2] 0.88408 
[66,  2,  2,  2,  2,  2,  2,  2,  2,  0] -> [ 0] 0.656, [ 2] 0.069, [72] 0.045
[66] 0.00589 [ 2] 0.00317 [ 2] 0.00442 [ 2] 0.00407 [ 2] 0.00328 [ 2] 0.01548 [ 2] 0.00314 [ 2] 0.10458 [ 2] 0.07544 [ 0] 0.78053 

Analyzing [205], Perturbations [3], Index [15]
[64, 64, 64, 64, 72, 72, 72, 72, 57, 57] -> [57] 0.289, [64] 0.219, [72] 0.164
[64] 0.03085 [64] 0.01758 [64] 0.02590 [64] 0.02427 [72] 0.01728 [72] 0.05226 [72] 0.01599 [72] 0.10725 [57] 0.09477 [57] 0.61385 
[64, 64, 64, 64, 72, 72,  1, 72, 57, 57] -> [72] 0.236, [57] 0.230, [64] 0.229
[64] 0.03054 [64] 0.01944 [64] 0.02819 [64] 0.02726 [72] 0.02156 [72] 0.05928 [ 1] 0.02032 [72] 0.16680 [57] 0.10361 [57] 0.52298 

Analyzing [210], Perturbations [2], Index [16]
[87, 86, 66, 66, 72, 66, 66, 78, 78, 72] -> [72] 0.616, [78] 0.113, [42] 0.030
[87] 0.02643 [86] 0.01356 [66] 0.01577 [66] 0.01957 [72] 0.01307 [66] 0.09639 [66] 0.01023 [78] 0.25428 [78] 0.10465 [72] 0.44606 
[87, 86, 66, 66, 72, 66, 66, 78, 78,  1] -> [ 1] 0.122, [15] 0.079, [72] 0.049
[87] 0.01582 [86] 0.00774 [66] 0.01228 [66] 0.01107 [72] 0.00875 [66] 0.05474 [66] 0.00610 [78] 0.16852 [78] 0.05718 [ 1] 0.65779 

Analyzing [236], Perturbations [2], Index [17]
[83, 83, 83, 83, 83, 83, 83, 83, 44, 13] -> [13] 0.470, [72] 0.077, [83] 0.022
[83] 0.01044 [83] 0.00756 [83] 0.01068 [83] 0.01027 [83] 0.01032 [83] 0.03052 [83] 0.00938 [83] 0.20072 [44] 0.06790 [13] 0.64221 
[83, 83, 83, 83, 83, 83, 83, 83, 44,  4] -> [72] 0.142, [83] 0.071, [64] 0.042
[83] 0.01409 [83] 0.01076 [83] 0.01439 [83] 0.01482 [83] 0.01395 [83] 0.04083 [83] 0.01334 [83] 0.18764 [44] 0.09351 [ 4] 0.59668 

Analyzing [238], Perturbations [3], Index [18]
[72,  2,  2,  2,  2,  2,  2,  2,  2, 72] -> [72] 0.658, [ 2] 0.092, [64] 0.025
[72] 0.01261 [ 2] 0.00766 [ 2] 0.00734 [ 2] 0.00996 [ 2] 0.00720 [ 2] 0.03268 [ 2] 0.00778 [ 2] 0.18699 [ 2] 0.18769 [72] 0.54009 
[72,  2,  2,  2,  2,  2,  2,  2,  2,  1] -> [ 1] 0.183, [15] 0.127, [ 2] 0.118
[72] 0.00722 [ 2] 0.00429 [ 2] 0.00566 [ 2] 0.00541 [ 2] 0.00476 [ 2] 0.01714 [ 2] 0.00471 [ 2] 0.11382 [ 2] 0.09756 [ 1] 0.73943 

Analyzing [246], Perturbations [2], Index [19]
[ 2,  2,  2,  2,  2,  2, 72, 44, 44, 72] -> [72] 0.525, [44] 0.228, [ 2] 0.038
[ 2] 0.04020 [ 2] 0.02794 [ 2] 0.02400 [ 2] 0.03661 [ 2] 0.02336 [ 2] 0.09969 [72] 0.02598 [44] 0.31606 [44] 0.14037 [72] 0.26579 
[ 2,  2,  2,  2,  2,  2, 72, 44, 44,  1] -> [ 1] 0.139, [15] 0.107, [ 2] 0.069
[ 2] 0.02281 [ 2] 0.01481 [ 2] 0.01714 [ 2] 0.01811 [ 2] 0.01390 [ 2] 0.04514 [72] 0.01310 [44] 0.11375 [44] 0.05593 [ 1] 0.68532 

Analyzing [261], Perturbations [3], Index [20]
[15, 15, 15,  0,  0, 29, 29,  2,  2, 17] -> [17] 0.693, [16] 0.026, [ 0] 0.023
[15] 0.00562 [15] 0.00362 [15] 0.00485 [ 0] 0.00479 [ 0] 0.00443 [29] 0.01404 [29] 0.00332 [ 2] 0.06086 [ 2] 0.06246 [17] 0.83600 
[15, 15, 15,  0,  0, 29, 29,  2,  2,  0] -> [ 0] 0.689, [ 2] 0.048, [72] 0.044
[15] 0.00742 [15] 0.00428 [15] 0.00628 [ 0] 0.00578 [ 0] 0.00508 [29] 0.01826 [29] 0.00391 [ 2] 0.08516 [ 2] 0.06110 [ 0] 0.80273 

Analyzing [275], Perturbations [2], Index [21]
[17, 17, 17, 17, 16, 17, 17, 17, 17, 16] -> [16] 0.429, [17] 0.253, [72] 0.021
[17] 0.01739 [17] 0.01705 [17] 0.02014 [17] 0.02398 [16] 0.02311 [17] 0.04980 [17] 0.01822 [17] 0.17363 [17] 0.11362 [16] 0.54305 
[17, 17, 17, 17, 16, 17, 17, 17, 17,  1] -> [17] 0.146, [ 1] 0.125, [15] 0.093
[17] 0.01684 [17] 0.01515 [17] 0.01867 [17] 0.02106 [16] 0.02113 [17] 0.04485 [17] 0.01480 [17] 0.16196 [17] 0.08275 [ 1] 0.60279 

Analyzing [284], Perturbations [2], Index [22]
[ 2,  2,  2,  2,  2,  2,  2,  2, 72, 72] -> [72] 0.594, [ 2] 0.145, [64] 0.025
[ 2] 0.02468 [ 2] 0.01576 [ 2] 0.01288 [ 2] 0.02090 [ 2] 0.01291 [ 2] 0.06910 [ 2] 0.01547 [ 2] 0.34119 [72] 0.22004 [72] 0.26707 
[ 2,  2,  2,  2,  2,  2,  2,  2, 72,  1] -> [ 1] 0.184, [15] 0.123, [ 2] 0.080
[ 2] 0.01225 [ 2] 0.00711 [ 2] 0.00785 [ 2] 0.00884 [ 2] 0.00729 [ 2] 0.02564 [ 2] 0.00659 [ 2] 0.10856 [72] 0.07700 [ 1] 0.73887 

Analyzing [291], Perturbations [3], Index [23]
[72, 72, 72, 72, 42, 42, 42, 87, 86, 86] -> [87] 0.760, [86] 0.097, [66] 0.027
[72] 0.00958 [72] 0.00991 [72] 0.01486 [72] 0.01631 [42] 0.01709 [42] 0.03568 [42] 0.01498 [87] 0.12477 [86] 0.30801 [86] 0.44880 
[72, 72, 72, 72, 42, 42, 42, 87, 86,  4] -> [86] 0.144, [87] 0.099, [66] 0.095
[72] 0.01423 [72] 0.01366 [72] 0.01823 [72] 0.02152 [42] 0.02167 [42] 0.04599 [42] 0.01722 [87] 0.16725 [86] 0.15935 [ 4] 0.52086 

Analyzing [295], Perturbations [3], Index [24]
[17, 17, 17, 44, 72, 87, 86, 86, 87, 66] -> [66] 0.740, [72] 0.048, [86] 0.043
[17] 0.00845 [17] 0.00521 [17] 0.00688 [44] 0.00806 [72] 0.00602 [87] 0.03842 [86] 0.00429 [86] 0.12811 [87] 0.04702 [66] 0.74753 
[17, 17, 17, 44, 72, 87, 86, 86, 87,  0] -> [ 0] 0.327, [86] 0.102, [72] 0.080
[17] 0.01182 [17] 0.00986 [17] 0.01326 [44] 0.01417 [72] 0.01206 [87] 0.03498 [86] 0.01089 [86] 0.10160 [87] 0.17659 [ 0] 0.61478 

Analyzing [306], Perturbations [3], Index [25]
[86, 86, 87, 66, 66, 86, 87, 86, 87, 66] -> [66] 0.726, [87] 0.053, [86] 0.051
[86] 0.00685 [86] 0.00438 [87] 0.00553 [66] 0.00655 [66] 0.00530 [86] 0.03450 [87] 0.00441 [86] 0.18446 [87] 0.06230 [66] 0.68572 
[86, 86, 87, 66, 66, 86, 87, 86, 87,  0] -> [ 0] 0.186, [86] 0.170, [87] 0.106
[86] 0.00852 [86] 0.00738 [87] 0.00982 [66] 0.01053 [66] 0.00957 [86] 0.03048 [87] 0.00973 [86] 0.14299 [87] 0.22014 [ 0] 0.55085 

Change did not work on [322], Index [26]
Change did not work on [334], Index [27]
Analyzing [351], Perturbations [3], Index [28]
[ 0, 29, 29,  2,  2, 17, 17, 17, 17, 15] -> [15] 0.595, [72] 0.038, [ 2] 0.034
[ 0] 0.01223 [29] 0.00946 [29] 0.01182 [ 2] 0.01323 [ 2] 0.01159 [17] 0.03485 [17] 0.00846 [17] 0.10936 [17] 0.06175 [15] 0.72725 
[ 0, 29, 29,  2,  2, 17, 17, 17, 17,  3] -> [ 3] 0.429, [17] 0.077, [72] 0.032
[ 0] 0.01274 [29] 0.01082 [29] 0.01386 [ 2] 0.01513 [ 2] 0.01521 [17] 0.03647 [17] 0.01136 [17] 0.14362 [17] 0.09105 [ 3] 0.64973 

Analyzing [367], Perturbations [2], Index [29]
[87, 86, 87, 66, 66, 42, 42, 42, 42, 72] -> [72] 0.524, [42] 0.225, [78] 0.021
[87] 0.01759 [86] 0.01784 [87] 0.01906 [66] 0.02606 [66] 0.02919 [42] 0.03986 [42] 0.02323 [42] 0.13051 [42] 0.11783 [72] 0.57883 
[87, 86, 87, 66, 66, 42, 42, 42, 42,  1] -> [ 1] 0.228, [15] 0.116, [42] 0.029
[87] 0.00869 [86] 0.00806 [87] 0.01166 [66] 0.01131 [66] 0.01463 [42] 0.01788 [42] 0.00982 [42] 0.05776 [42] 0.04133 [ 1] 0.81885 

Analyzing [394], Perturbations [3], Index [30]
[15, 15, 15, 15, 15, 44, 44, 86, 87, 86] -> [87] 0.352, [86] 0.268, [66] 0.238
[15] 0.00883 [15] 0.00802 [15] 0.01133 [15] 0.01209 [15] 0.01190 [44] 0.02752 [44] 0.01212 [86] 0.09907 [87] 0.41266 [86] 0.39645 
[15, 15, 15, 15, 15, 44, 44,  0, 87, 86] -> [86] 0.303, [87] 0.258, [66] 0.254
[15] 0.01118 [15] 0.00956 [15] 0.01301 [15] 0.01417 [15] 0.01309 [44] 0.03201 [44] 0.01389 [ 0] 0.12030 [87] 0.40281 [86] 0.36997 

Analyzing [407], Perturbations [3], Index [31]
[86, 87, 86, 87, 66, 66, 87, 86, 87, 86] -> [66] 0.400, [86] 0.282, [87] 0.208
[86] 0.00643 [87] 0.00623 [86] 0.00858 [87] 0.00925 [66] 0.00872 [66] 0.02635 [87] 0.01080 [86] 0.11198 [87] 0.52947 [86] 0.28219 
[86, 87, 86, 87, 66, 66, 87,  0, 87, 86] -> [86] 0.349, [66] 0.309, [87] 0.184
[86] 0.00782 [87] 0.00707 [86] 0.00976 [87] 0.01078 [66] 0.00963 [66] 0.03045 [87] 0.01144 [ 0] 0.14005 [87] 0.50477 [86] 0.26824 

Analyzing [462], Perturbations [3], Index [32]
[44, 72, 44, 72, 72, 72, 72, 72, 72, 64] -> [64] 0.538, [72] 0.288, [57] 0.020
[44] 0.07064 [72] 0.02769 [44] 0.02409 [72] 0.03169 [72] 0.01344 [72] 0.05773 [72] 0.01288 [72] 0.04981 [72] 0.03834 [64] 0.67369 
[44, 72, 44, 72, 72, 72,  1, 72, 72, 64] -> [72] 0.434, [64] 0.395, [57] 0.019
[44] 0.07516 [72] 0.03412 [44] 0.02981 [72] 0.04083 [72] 0.01982 [72] 0.06863 [ 1] 0.02069 [72] 0.09663 [72] 0.05775 [64] 0.55657 

Analyzing [467], Perturbations [3], Index [33]
[89, 89, 89, 89, 89, 89, 72, 72, 64, 64] -> [64] 0.542, [72] 0.303, [57] 0.020
[89] 0.03361 [89] 0.01473 [89] 0.01233 [89] 0.01493 [89] 0.00882 [89] 0.03131 [72] 0.01672 [72] 0.26348 [64] 0.11303 [64] 0.49104 
[89, 89, 89, 89, 89,  0,  0, 72, 64, 64] -> [72] 0.428, [64] 0.409, [57] 0.020
[89] 0.03087 [89] 0.01642 [89] 0.01393 [89] 0.01696 [89] 0.01135 [ 0] 0.03539 [ 0] 0.02101 [72] 0.35213 [64] 0.11029 [64] 0.39165 

Analyzing [526], Perturbations [2], Index [34]
[84, 82, 84, 84, 84, 84, 84, 84, 84, 72] -> [72] 0.633, [84] 0.142, [64] 0.034
[84] 0.02327 [82] 0.01345 [84] 0.01364 [84] 0.01691 [84] 0.01177 [84] 0.05208 [84] 0.01368 [84] 0.21894 [84] 0.17706 [72] 0.45920 
[84, 82, 84, 84, 84, 84, 84, 84, 84,  1] -> [ 1] 0.250, [15] 0.107, [72] 0.030
[84] 0.00956 [82] 0.00521 [84] 0.00727 [84] 0.00621 [84] 0.00524 [84] 0.01795 [84] 0.00529 [84] 0.06819 [84] 0.06097 [ 1] 0.81410 

Analyzing [543], Perturbations [2], Index [35]
[87, 86, 87, 86, 66, 66, 42, 42, 42, 72] -> [72] 0.508, [42] 0.225, [78] 0.023
[87] 0.01725 [86] 0.01599 [87] 0.01741 [86] 0.02282 [66] 0.02489 [66] 0.04163 [42] 0.02062 [42] 0.15576 [42] 0.13069 [72] 0.55294 
[87, 86, 87, 86, 66, 66, 42, 42, 42,  1] -> [ 1] 0.228, [15] 0.116, [72] 0.028
[87] 0.00831 [86] 0.00712 [87] 0.01049 [86] 0.00987 [66] 0.01232 [66] 0.01748 [42] 0.00918 [42] 0.06114 [42] 0.04783 [ 1] 0.81626 

Analyzing [559], Perturbations [3], Index [36]
[57, 58, 64, 64, 64, 86, 87, 87, 86, 86] -> [87] 0.738, [86] 0.104, [66] 0.032
[57] 0.01131 [58] 0.01024 [64] 0.01462 [64] 0.01549 [64] 0.01429 [86] 0.04357 [87] 0.01498 [87] 0.15320 [86] 0.38261 [86] 0.33968 
[57, 58, 64, 64, 64, 86, 87, 87, 86,  4] -> [86] 0.188, [87] 0.179, [66] 0.118
[57] 0.01756 [58] 0.01536 [64] 0.01918 [64] 0.02244 [64] 0.01861 [86] 0.06188 [87] 0.01950 [87] 0.20872 [86] 0.21980 [ 4] 0.39695 

Analyzing [591], Perturbations [1], Index [37]
[66, 66, 66,  2,  2,  2,  2,  2,  2,  2] -> [ 2] 0.855, [72] 0.022, [ 0] 0.010
[66] 0.00354 [66] 0.00171 [66] 0.00251 [ 2] 0.00224 [ 2] 0.00185 [ 2] 0.00851 [ 2] 0.00157 [ 2] 0.04169 [ 2] 0.05272 [ 2] 0.88367 
[66, 66, 66,  2,  2,  2,  2,  2,  2,  0] -> [ 0] 0.653, [ 2] 0.069, [72] 0.046
[66] 0.00529 [66] 0.00292 [66] 0.00408 [ 2] 0.00382 [ 2] 0.00321 [ 2] 0.01398 [ 2] 0.00306 [ 2] 0.10396 [ 2] 0.08253 [ 0] 0.77713 

Analyzing [598], Perturbations [1], Index [38]
[ 2,  2,  2,  2,  2,  2,  2,  2, 64, 72] -> [72] 0.418, [ 2] 0.166, [64] 0.158
[ 2] 0.02609 [ 2] 0.01654 [ 2] 0.01401 [ 2] 0.02075 [ 2] 0.01391 [ 2] 0.05825 [ 2] 0.01787 [ 2] 0.37600 [64] 0.17449 [72] 0.28209 
[ 2,  2,  2,  2,  2,  2,  2,  2, 64,  1] -> [ 1] 0.171, [15] 0.114, [ 2] 0.082
[ 2] 0.01302 [ 2] 0.00772 [ 2] 0.00868 [ 2] 0.00897 [ 2] 0.00719 [ 2] 0.02349 [ 2] 0.00781 [ 2] 0.12824 [64] 0.07084 [ 1] 0.72404 

Analyzing [607], Perturbations [1], Index [39]
[ 2,  2,  2,  2,  2,  2,  2,  2,  2, 15] -> [15] 0.652, [ 2] 0.060, [72] 0.036
[ 2] 0.00619 [ 2] 0.00333 [ 2] 0.00456 [ 2] 0.00442 [ 2] 0.00346 [ 2] 0.01562 [ 2] 0.00306 [ 2] 0.06802 [ 2] 0.06724 [15] 0.82409 
[ 2,  2,  2,  2,  2,  2,  2,  2,  2,  2] -> [ 2] 0.859, [72] 0.021, [ 0] 0.010
[ 2] 0.00396 [ 2] 0.00189 [ 2] 0.00288 [ 2] 0.00255 [ 2] 0.00210 [ 2] 0.00921 [ 2] 0.00169 [ 2] 0.03908 [ 2] 0.05101 [ 2] 0.88563 

Analyzing [608], Perturbations [2], Index [40]
[ 2,  2,  2,  2,  2,  2,  2,  2, 15, 15] -> [15] 0.689, [ 2] 0.047, [72] 0.033
[ 2] 0.00873 [ 2] 0.00466 [ 2] 0.00630 [ 2] 0.00629 [ 2] 0.00476 [ 2] 0.02258 [ 2] 0.00412 [ 2] 0.08691 [15] 0.06668 [15] 0.78896 
[ 2,  2,  2,  2,  2,  2,  2,  2, 15,  3] -> [ 3] 0.548, [72] 0.030, [ 2] 0.026
[ 2] 0.00945 [ 2] 0.00560 [ 2] 0.00753 [ 2] 0.00741 [ 2] 0.00629 [ 2] 0.02337 [ 2] 0.00597 [ 2] 0.11061 [15] 0.09742 [ 3] 0.72636 

Analyzing [611], Perturbations [3], Index [41]
[ 2,  2,  2,  2,  2,  2,  2, 15, 15, 15] -> [15] 0.753, [72] 0.027, [ 2] 0.026
[ 2] 0.01038 [ 2] 0.00522 [ 2] 0.00711 [ 2] 0.00721 [ 2] 0.00532 [ 2] 0.02617 [ 2] 0.00445 [15] 0.08786 [15] 0.06414 [15] 0.78214 
[ 2,  2,  2,  2,  2,  2,  2, 15, 15,  2] -> [ 2] 0.818, [72] 0.026, [ 0] 0.013
[ 2] 0.00660 [ 2] 0.00317 [ 2] 0.00485 [ 2] 0.00444 [ 2] 0.00338 [ 2] 0.01694 [ 2] 0.00252 [15] 0.04940 [15] 0.04797 [ 2] 0.86074 

Analyzing [634], Perturbations [2], Index [42]
[15, 15, 15, 15, 15, 15, 15, 15, 15, 87] -> [86] 0.602, [87] 0.072, [66] 0.060
[15] 0.00676 [15] 0.00534 [15] 0.00712 [15] 0.00702 [15] 0.00596 [15] 0.01540 [15] 0.00575 [15] 0.02941 [15] 0.33291 [87] 0.58433 
[15, 15, 15, 15, 15, 15, 15, 15, 15,  1] -> [15] 0.343, [ 1] 0.219, [ 2] 0.028
[15] 0.01653 [15] 0.00853 [15] 0.01174 [15] 0.01116 [15] 0.00808 [15] 0.03297 [15] 0.00731 [15] 0.10188 [15] 0.08404 [ 1] 0.71776 

Analyzing [694], Perturbations [2], Index [43]
[64, 64, 64, 64, 72, 72, 64, 64, 15, 15] -> [15] 0.602, [64] 0.086, [72] 0.058
[64] 0.02265 [64] 0.00987 [64] 0.01276 [64] 0.01248 [72] 0.00760 [72] 0.03114 [64] 0.00550 [64] 0.04494 [15] 0.03753 [15] 0.81552 
[64, 64, 64, 64, 72, 72, 64, 64, 15,  4] -> [64] 0.357, [72] 0.136, [57] 0.030
[64] 0.03260 [64] 0.01742 [64] 0.02134 [64] 0.02132 [72] 0.01495 [72] 0.04945 [64] 0.01267 [64] 0.11145 [15] 0.08264 [ 4] 0.63617 

Analyzing [696], Perturbations [3], Index [44]
[64, 64, 64, 72, 72, 64, 64, 15, 15, 15] -> [15] 0.687, [64] 0.054, [72] 0.040
[64] 0.01898 [64] 0.00832 [64] 0.01078 [72] 0.01071 [72] 0.00659 [64] 0.03057 [64] 0.00518 [15] 0.05280 [15] 0.04515 [15] 0.81091 
[64, 64, 64, 72, 72, 64, 64, 15, 15,  5] -> [64] 0.258, [72] 0.110, [15] 0.049
[64] 0.02850 [64] 0.01507 [64] 0.02042 [72] 0.01984 [72] 0.01428 [64] 0.04930 [64] 0.01292 [15] 0.15839 [15] 0.11959 [ 5] 0.56169 

Analyzing [720], Perturbations [2], Index [45]
[64, 64, 64, 64, 64, 64, 72,  2,  2, 57] -> [57] 0.272, [64] 0.238, [58] 0.161
[64] 0.01822 [64] 0.01025 [64] 0.01495 [64] 0.01388 [64] 0.01128 [64] 0.03469 [72] 0.01020 [ 2] 0.14171 [ 2] 0.10965 [57] 0.63517 
[64, 64, 64, 64, 64, 64, 72,  1,  2, 57] -> [64] 0.269, [57] 0.249, [58] 0.145
[64] 0.02110 [64] 0.01257 [64] 0.01796 [64] 0.01646 [64] 0.01317 [64] 0.03905 [72] 0.01238 [ 1] 0.14706 [ 2] 0.11099 [57] 0.60926 

Analyzing [770], Perturbations [2], Index [46]
[64, 64, 64, 64, 64, 64, 64, 64, 40, 23] -> [40] 0.674, [23] 0.042, [64] 0.036
[64] 0.02076 [64] 0.01201 [64] 0.01468 [64] 0.01490 [64] 0.01099 [64] 0.03020 [64] 0.00916 [64] 0.07673 [40] 0.06914 [23] 0.74142 
[64, 64, 64, 64, 64, 64, 64, 64, 40,  4] -> [64] 0.423, [72] 0.085, [57] 0.026
[64] 0.03086 [64] 0.01813 [64] 0.02216 [64] 0.02280 [64] 0.01639 [64] 0.04986 [64] 0.01489 [64] 0.12952 [40] 0.09326 [ 4] 0.60212 

Analyzing [772], Perturbations [3], Index [47]
[64, 64, 64, 64, 64, 64, 64, 40, 23, 40] -> [40] 0.762, [23] 0.039, [72] 0.032
[64] 0.01558 [64] 0.00911 [64] 0.01230 [64] 0.01279 [64] 0.00967 [64] 0.03291 [64] 0.00729 [40] 0.08809 [23] 0.08113 [40] 0.73111 
[64, 64, 64, 64, 64, 64, 64, 40, 23,  5] -> [64] 0.237, [72] 0.083, [40] 0.054
[64] 0.02500 [64] 0.01655 [64] 0.02133 [64] 0.02117 [64] 0.01758 [64] 0.04729 [64] 0.01634 [40] 0.18842 [23] 0.13150 [ 5] 0.51483 

Analyzing [797], Perturbations [2], Index [48]
[40, 72, 40, 40, 40, 40, 40, 40, 40, 72] -> [72] 0.400, [40] 0.271, [78] 0.025
[40] 0.02416 [72] 0.01584 [40] 0.01625 [40] 0.02309 [40] 0.01517 [40] 0.07044 [40] 0.01563 [40] 0.22077 [40] 0.21943 [72] 0.37923 
[40, 72, 40, 40, 40, 40, 40, 40, 40,  1] -> [40] 0.178, [ 1] 0.125, [15] 0.057
[40] 0.01550 [72] 0.00896 [40] 0.01256 [40] 0.01272 [40] 0.00991 [40] 0.03994 [40] 0.00889 [40] 0.14329 [40] 0.11294 [ 1] 0.63529 

Analyzing [811], Perturbations [2], Index [49]
[66, 66, 15, 15, 15, 15, 15, 15, 15, 87] -> [86] 0.607, [87] 0.072, [66] 0.062
[66] 0.00644 [66] 0.00510 [15] 0.00679 [15] 0.00692 [15] 0.00590 [15] 0.01538 [15] 0.00579 [15] 0.03325 [15] 0.32764 [87] 0.58679 
[66, 66, 15, 15, 15, 15, 15, 15, 15,  1] -> [15] 0.331, [ 1] 0.212, [ 2] 0.029
[66] 0.01469 [66] 0.00784 [15] 0.01077 [15] 0.01028 [15] 0.00760 [15] 0.03158 [15] 0.00695 [15] 0.10874 [15] 0.08816 [ 1] 0.71340 

Analyzing [817], Perturbations [3], Index [50]
[42, 42, 42, 72, 72, 42, 42, 87, 86, 86] -> [87] 0.737, [86] 0.104, [66] 0.027
[42] 0.01411 [42] 0.01443 [42] 0.02235 [72] 0.02529 [72] 0.02653 [42] 0.04947 [42] 0.01831 [87] 0.10269 [86] 0.23921 [86] 0.48762 
[42, 42, 42, 72, 72, 42, 42, 87, 86,  4] -> [72] 0.110, [86] 0.106, [66] 0.073
[42] 0.01835 [42] 0.01934 [42] 0.02561 [72] 0.03146 [72] 0.03081 [42] 0.05721 [42] 0.02106 [87] 0.12376 [86] 0.12630 [ 4] 0.54611 

Analyzing [831], Perturbations [3], Index [51]
[86, 87, 72, 66, 66, 86, 87, 86, 87, 66] -> [66] 0.714, [87] 0.056, [86] 0.054
[86] 0.00678 [87] 0.00422 [72] 0.00525 [66] 0.00620 [66] 0.00482 [86] 0.03368 [87] 0.00430 [86] 0.19543 [87] 0.06684 [66] 0.67248 
[86, 87, 72, 66, 66, 86, 87, 86, 87,  0] -> [86] 0.180, [ 0] 0.171, [87] 0.107
[86] 0.00869 [87] 0.00710 [72] 0.00918 [66] 0.01005 [66] 0.00906 [86] 0.02893 [87] 0.00968 [86] 0.14746 [87] 0.23179 [ 0] 0.53807 

Analyzing [836], Perturbations [3], Index [52]
[13, 13, 13, 13, 13, 13, 13, 72, 84, 86] -> [87] 0.678, [86] 0.084, [72] 0.033
[13] 0.01655 [13] 0.01249 [13] 0.01851 [13] 0.01875 [13] 0.01655 [13] 0.04745 [13] 0.01266 [72] 0.08935 [84] 0.12260 [86] 0.64509 
[13, 13, 13, 13, 13, 13, 13, 72, 84,  4] -> [72] 0.235, [64] 0.035, [13] 0.024
[13] 0.02342 [13] 0.01653 [13] 0.02165 [13] 0.02351 [13] 0.01893 [13] 0.06378 [13] 0.01398 [72] 0.12536 [84] 0.06019 [ 4] 0.63264 

Analyzing [878], Perturbations [2], Index [53]
[64, 64, 64, 64, 64, 64, 64, 64, 15, 15] -> [15] 0.582, [64] 0.113, [72] 0.049
[64] 0.02309 [64] 0.01063 [64] 0.01336 [64] 0.01291 [64] 0.00807 [64] 0.02944 [64] 0.00633 [64] 0.04437 [15] 0.03551 [15] 0.81630 
[64, 64, 64, 64, 64, 64, 64, 64, 15,  4] -> [64] 0.442, [72] 0.080, [57] 0.029
[64] 0.03270 [64] 0.01803 [64] 0.02221 [64] 0.02205 [64] 0.01549 [64] 0.04947 [64] 0.01355 [64] 0.11427 [15] 0.07727 [ 4] 0.63495 

Analyzing [880], Perturbations [3], Index [54]
[64, 64, 64, 64, 64, 64, 64, 15, 15, 15] -> [15] 0.671, [64] 0.067, [72] 0.039
[64] 0.02024 [64] 0.00919 [64] 0.01207 [64] 0.01192 [64] 0.00732 [64] 0.03164 [64] 0.00570 [15] 0.05023 [15] 0.04224 [15] 0.80946 
[64, 64, 64, 64, 64, 64, 64, 15, 15,  4] -> [64] 0.272, [72] 0.090, [15] 0.039
[64] 0.02815 [64] 0.01581 [64] 0.02070 [64] 0.02033 [64] 0.01433 [64] 0.04973 [64] 0.01267 [15] 0.12866 [15] 0.09568 [ 4] 0.61395 

Change did not work on [893], Index [55]
Analyzing [906], Perturbations [3], Index [56]
[72, 72, 57, 57, 57, 58, 83, 44, 72, 64] -> [64] 0.415, [72] 0.340, [57] 0.044
[72] 0.05486 [72] 0.03387 [57] 0.03364 [57] 0.04235 [57] 0.02709 [58] 0.07447 [83] 0.03126 [44] 0.20562 [72] 0.08265 [64] 0.41419 
[72, 72, 57, 57, 57,  0, 83, 44, 72, 64] -> [72] 0.403, [64] 0.334, [57] 0.036
[72] 0.05107 [72] 0.03400 [57] 0.03292 [57] 0.04233 [57] 0.02902 [ 0] 0.07427 [83] 0.03330 [44] 0.24085 [72] 0.08703 [64] 0.37523 

Analyzing [921], Perturbations [3], Index [57]
[21, 20, 21, 21, 21, 20, 21, 20, 21, 20] -> [21] 0.466, [20] 0.381, [24] 0.009
[21] 0.03697 [20] 0.05604 [21] 0.08000 [21] 0.07534 [21] 0.10510 [20] 0.06837 [21] 0.07455 [20] 0.08077 [21] 0.11418 [20] 0.30870 
[21,  0, 21, 21, 21, 20, 21, 20, 21, 20] -> [20] 0.484, [21] 0.311, [24] 0.015
[21] 0.03671 [ 0] 0.05461 [21] 0.07886 [21] 0.07509 [21] 0.10275 [20] 0.06849 [21] 0.07400 [20] 0.08348 [21] 0.11723 [20] 0.30879 

Analyzing [922], Perturbations [3], Index [58]
[64, 64, 64, 64, 64, 72, 64, 20, 21, 20] -> [21] 0.276, [20] 0.234, [64] 0.123
[64] 0.03077 [64] 0.03017 [64] 0.04042 [64] 0.03676 [64] 0.04173 [72] 0.04869 [64] 0.04577 [20] 0.13754 [21] 0.22710 [20] 0.36104 
[64, 64, 64, 64, 64, 72, 64, 20,  0, 20] -> [20] 0.385, [64] 0.113, [72] 0.040
[64] 0.01855 [64] 0.01398 [64] 0.02012 [64] 0.01640 [64] 0.01828 [72] 0.02576 [64] 0.02123 [20] 0.10644 [ 0] 0.27319 [20] 0.48606 

Analyzing [926], Perturbations [2], Index [59]
[66, 86, 87, 86, 87, 66, 66, 42, 42, 72] -> [72] 0.466, [42] 0.250, [78] 0.026
[66] 0.02079 [86] 0.01649 [87] 0.01728 [86] 0.02274 [87] 0.02101 [66] 0.05390 [66] 0.01970 [42] 0.18976 [42] 0.15044 [72] 0.48790 
[66, 86, 87, 86, 87, 66, 66, 42, 42,  1] -> [ 1] 0.224, [15] 0.117, [72] 0.028
[66] 0.00879 [86] 0.00658 [87] 0.00945 [86] 0.00875 [87] 0.00966 [66] 0.01956 [66] 0.00787 [42] 0.06443 [42] 0.05167 [ 1] 0.81324 

Analyzing [937], Perturbations [3], Index [60]
[ 2,  2,  2,  2, 15, 15, 15, 15, 15,  9] -> [ 9] 0.514, [72] 0.076, [15] 0.073
[ 2] 0.01308 [ 2] 0.00693 [ 2] 0.01023 [ 2] 0.00903 [15] 0.00682 [15] 0.03000 [15] 0.00589 [15] 0.09008 [15] 0.06744 [ 9] 0.76050 
[ 2,  2,  2,  2, 15, 15, 15, 15, 15,  1] -> [15] 0.316, [ 1] 0.210, [ 2] 0.037
[ 2] 0.01643 [ 2] 0.00859 [ 2] 0.01201 [ 2] 0.01155 [15] 0.00893 [15] 0.03496 [15] 0.00777 [15] 0.11502 [15] 0.08336 [ 1] 0.70136 

Analyzing [944], Perturbations [2], Index [61]
[89, 89, 89, 89, 89, 89, 72, 24, 72, 72] -> [72] 0.483, [24] 0.299, [64] 0.067
[89] 0.03520 [89] 0.01931 [89] 0.01269 [89] 0.02267 [89] 0.01206 [89] 0.06947 [72] 0.01796 [24] 0.29450 [72] 0.19916 [72] 0.31697 
[89, 89, 89, 89, 89, 89,  1, 24, 72, 72] -> [24] 0.404, [72] 0.388, [64] 0.058
[89] 0.02685 [89] 0.01678 [89] 0.01122 [89] 0.01957 [89] 0.01132 [89] 0.06300 [ 1] 0.01825 [24] 0.36526 [72] 0.21630 [72] 0.25146 

Analyzing [977], Perturbations [2], Index [62]
[15, 44, 72,  9,  9,  9,  9,  9,  9, 72] -> [72] 0.650, [ 9] 0.053, [44] 0.035
[15] 0.02001 [44] 0.01539 [72] 0.01606 [ 9] 0.02136 [ 9] 0.01821 [ 9] 0.05052 [ 9] 0.01696 [ 9] 0.21824 [ 9] 0.14866 [72] 0.47459 
[15, 44, 72,  9,  9,  9,  9,  9,  9,  1] -> [15] 0.154, [ 1] 0.149, [72] 0.043
[15] 0.01288 [44] 0.00923 [72] 0.01287 [ 9] 0.01206 [ 9] 0.01234 [ 9] 0.02921 [ 9] 0.01030 [ 9] 0.14080 [ 9] 0.07448 [ 1] 0.68582 

