Change did not work on [0], Index [0]


Change did not work on [1], Index [1]


Change did not work on [2], Index [2]


Change did not work on [3], Index [3]


Analyzing [7], Perturbations [9], Index [4], Changes [[(0, tensor(2, device='cuda:0')), (1, tensor(2, device='cuda:0')), (3, tensor(72, device='cuda:0')), (4, tensor(40, device='cuda:0')), (5, tensor(23, device='cuda:0')), (6, tensor(40, device='cuda:0')), (7, tensor(40, device='cuda:0')), (8, tensor(40, device='cuda:0')), (9, tensor(40, device='cuda:0'))]], Needed [2]
[42, 42, 72, 42, 57, 57, 57, 57, 72, 57] -> [57] 0.445, [58] 0.321, [64] 0.057
[42] 0.04211 [42] 0.01607 [72] 0.01910 [42] 0.03063 [57] 0.02034 [57] 0.05225 [57] 0.02462 [57] 0.06266 [72] 0.07782 [57] 0.65439 
----------------------------------------------------------------------------------------------------------------------------------
[ 2,  2, 72, 72, 40, 23, 40, 40, 40, 40] -> [40] 0.838, [23] 0.059, [72] 0.010
[ 2] 0.02298 [ 2] 0.00860 [72] 0.00943 [72] 0.01635 [40] 0.01222 [23] 0.03547 [40] 0.01275 [40] 0.07688 [40] 0.07339 [40] 0.73193 
----------------------------------------------------------------------------------------------------------------------------------
[ 2, 42, 72, 42, 57, 57, 57, 57, 72, 57] -> [57] 0.437, [58] 0.328, [64] 0.059
[ 2] 0.04139 [42] 0.01573 [72] 0.01869 [42] 0.03009 [57] 0.01999 [57] 0.05185 [57] 0.02396 [57] 0.06287 [72] 0.07717 [57] 0.65826 
Shortcut: [(0, tensor(2, device='cuda:0')), (1, tensor(2, device='cuda:0')), (3, tensor(72, device='cuda:0')), (4, tensor(40, device='cuda:0')), (5, tensor(23, device='cuda:0')), (6, tensor(40, device='cuda:0')), (7, tensor(40, device='cuda:0')), (8, tensor(40, device='cuda:0')), (9, tensor(40, device='cuda:0'))] -> [(0, tensor(2, device='cuda:0'))]


Analyzing [8], Perturbations [10], Index [5], Changes [[(0, tensor(89, device='cuda:0')), (1, tensor(89, device='cuda:0')), (2, tensor(84, device='cuda:0')), (3, tensor(64, device='cuda:0')), (4, tensor(64, device='cuda:0')), (5, tensor(64, device='cuda:0')), (6, tensor(64, device='cuda:0')), (7, tensor(64, device='cuda:0')), (8, tensor(64, device='cuda:0')), (9, tensor(64, device='cuda:0'))]], Needed [2]
[21, 24, 24, 20, 21, 20, 21, 24, 24, 44] -> [72] 0.234, [44] 0.093, [24] 0.073
[21] 0.04705 [24] 0.02151 [24] 0.02286 [20] 0.03567 [21] 0.02545 [20] 0.05125 [21] 0.03949 [24] 0.13109 [24] 0.11786 [44] 0.50778 
----------------------------------------------------------------------------------------------------------------------------------
[89, 89, 84, 64, 64, 64, 64, 64, 64, 64] -> [64] 0.822, [72] 0.028, [57] 0.018
[89] 0.07113 [89] 0.02762 [84] 0.03344 [64] 0.04815 [64] 0.03025 [64] 0.05763 [64] 0.03557 [64] 0.07610 [64] 0.06510 [64] 0.55502 
----------------------------------------------------------------------------------------------------------------------------------
[89, 24, 24, 20, 21, 20, 21, 24, 24, 44] -> [72] 0.245, [44] 0.100, [24] 0.063
[89] 0.04643 [24] 0.02116 [24] 0.02248 [20] 0.03522 [21] 0.02514 [20] 0.05101 [21] 0.03870 [24] 0.13179 [24] 0.11744 [44] 0.51061 
Shortcut: [(0, tensor(89, device='cuda:0')), (1, tensor(89, device='cuda:0')), (2, tensor(84, device='cuda:0')), (3, tensor(64, device='cuda:0')), (4, tensor(64, device='cuda:0')), (5, tensor(64, device='cuda:0')), (6, tensor(64, device='cuda:0')), (7, tensor(64, device='cuda:0')), (8, tensor(64, device='cuda:0')), (9, tensor(64, device='cuda:0'))] -> [(0, tensor(89, device='cuda:0'))]


same=0 shortcuts=2 skipped=4