Analyzing [0], Perturbations [6], Index [0], Changes [[(0, tensor(1, device='cuda:0')), (5, tensor(1, device='cuda:0')), (6, tensor(1, device='cuda:0')), (7, tensor(1, device='cuda:0')), (8, tensor(1, device='cuda:0')), (9, tensor(1, device='cuda:0'))]], Needed [2]
[84, 82, 82, 82, 82, 72, 72, 72, 72, 72] -> [72] 0.738, [64] 0.029, [84] 0.021
[84] 0.07330 [82] 0.02832 [82] 0.03379 [82] 0.04724 [82] 0.03002 [72] 0.06199 [72] 0.03352 [72] 0.06688 [72] 0.08884 [72] 0.53611 
----------------------------------------------------------------------------------------------------------------------------------
[ 1, 82, 82, 82, 82,  1,  1,  1,  1,  1] -> [ 1] 0.063, [15] 0.040, [17] 0.027
[ 1] 0.02171 [82] 0.00856 [82] 0.00883 [82] 0.01631 [82] 0.01157 [ 1] 0.03414 [ 1] 0.01152 [ 1] 0.06831 [ 1] 0.05581 [ 1] 0.76324 
----------------------------------------------------------------------------------------------------------------------------------
[84, 82, 82, 82, 82, 72, 72, 72, 72,  1] -> [72] 0.055, [ 1] 0.042, [15] 0.034
[84] 0.02701 [82] 0.00964 [82] 0.01093 [82] 0.01736 [82] 0.01142 [72] 0.03176 [72] 0.01061 [72] 0.03463 [72] 0.03811 [ 1] 0.80852 
Shortcut: [(5, tensor(1, device='cuda:0')), (6, tensor(1, device='cuda:0')), (7, tensor(1, device='cuda:0')), (8, tensor(1, device='cuda:0')), (9, tensor(1, device='cuda:0'))] -> [(9, tensor(1, device='cuda:0'))]


Analyzing [1], Perturbations [7], Index [1], Changes [[(1, tensor(1, device='cuda:0')), (2, tensor(1, device='cuda:0')), (3, tensor(1, device='cuda:0')), (4, tensor(1, device='cuda:0')), (5, tensor(1, device='cuda:0')), (6, tensor(1, device='cuda:0')), (9, tensor(1, device='cuda:0'))]], Needed [2]
[58, 72, 72, 72, 72, 72, 72, 64, 64, 72] -> [72] 0.690, [64] 0.104, [57] 0.024
[58] 0.07584 [72] 0.02961 [72] 0.03558 [72] 0.04949 [72] 0.03115 [72] 0.06084 [72] 0.03617 [64] 0.06677 [64] 0.07958 [72] 0.53498 
----------------------------------------------------------------------------------------------------------------------------------
[58,  1,  1,  1,  1,  1,  1, 64, 64,  1] -> [ 1] 0.052, [64] 0.043, [15] 0.035
[58] 0.02653 [ 1] 0.00998 [ 1] 0.01095 [ 1] 0.01844 [ 1] 0.01227 [ 1] 0.03292 [ 1] 0.01206 [64] 0.04727 [64] 0.03924 [ 1] 0.79036 
----------------------------------------------------------------------------------------------------------------------------------
[58, 72, 72, 72, 72, 72, 72, 64, 64,  1] -> [72] 0.051, [64] 0.048, [ 1] 0.041
[58] 0.02835 [72] 0.01024 [72] 0.01169 [72] 0.01849 [72] 0.01204 [72] 0.03159 [72] 0.01165 [64] 0.03515 [64] 0.03473 [ 1] 0.80606 
Shortcut: [(2, tensor(1, device='cuda:0')), (3, tensor(1, device='cuda:0')), (4, tensor(1, device='cuda:0')), (5, tensor(1, device='cuda:0')), (6, tensor(1, device='cuda:0')), (9, tensor(1, device='cuda:0'))] -> [(9, tensor(1, device='cuda:0'))]


Analyzing [2], Perturbations [7], Index [2], Changes [[(1, tensor(0, device='cuda:0')), (2, tensor(0, device='cuda:0')), (3, tensor(0, device='cuda:0')), (4, tensor(0, device='cuda:0')), (6, tensor(0, device='cuda:0')), (8, tensor(0, device='cuda:0')), (9, tensor(0, device='cuda:0'))]], Needed [2]
[44, 72, 72, 72, 72, 44, 72, 44, 72, 72] -> [72] 0.783, [44] 0.050, [64] 0.017
[44] 0.07356 [72] 0.02926 [72] 0.03408 [72] 0.04854 [72] 0.03182 [44] 0.06425 [72] 0.03673 [44] 0.08291 [72] 0.10049 [72] 0.49836 
----------------------------------------------------------------------------------------------------------------------------------
[44,  0,  0,  0,  0, 44,  0, 44,  0,  0] -> [ 0] 0.774, [72] 0.026, [15] 0.018
[44] 0.01783 [ 0] 0.00666 [ 0] 0.00688 [ 0] 0.01186 [ 0] 0.00920 [44] 0.02898 [ 0] 0.00865 [44] 0.06638 [ 0] 0.04701 [ 0] 0.79655 
----------------------------------------------------------------------------------------------------------------------------------
[44, 72, 72, 72, 72, 44, 72, 44, 72,  0] -> [ 0] 0.702, [72] 0.045, [44] 0.020
[44] 0.02343 [72] 0.00836 [72] 0.00925 [72] 0.01453 [72] 0.01023 [44] 0.02984 [72] 0.00964 [44] 0.04076 [72] 0.03834 [ 0] 0.81562 
Shortcut: [(2, tensor(0, device='cuda:0')), (3, tensor(0, device='cuda:0')), (4, tensor(0, device='cuda:0')), (6, tensor(0, device='cuda:0')), (8, tensor(0, device='cuda:0')), (9, tensor(0, device='cuda:0'))] -> [(9, tensor(0, device='cuda:0'))]


Analyzing [3], Perturbations [8], Index [3], Changes [[(1, tensor(1, device='cuda:0')), (2, tensor(1, device='cuda:0')), (3, tensor(1, device='cuda:0')), (4, tensor(1, device='cuda:0')), (5, tensor(1, device='cuda:0')), (7, tensor(1, device='cuda:0')), (8, tensor(1, device='cuda:0')), (9, tensor(1, device='cuda:0'))]], Needed [2]
[89, 89, 89, 89, 89, 89, 24, 72, 72, 72] -> [72] 0.682, [64] 0.056, [57] 0.028
[89] 0.07107 [89] 0.02901 [89] 0.03341 [89] 0.04849 [89] 0.03160 [89] 0.06294 [24] 0.03756 [72] 0.08700 [72] 0.10644 [72] 0.49248 
----------------------------------------------------------------------------------------------------------------------------------
[89,  1,  1,  1,  1,  1, 24,  1,  1,  1] -> [ 1] 0.063, [15] 0.039, [17] 0.026
[89] 0.02448 [ 1] 0.00995 [ 1] 0.01029 [ 1] 0.01863 [ 1] 0.01313 [ 1] 0.03628 [24] 0.01404 [ 1] 0.07113 [ 1] 0.06250 [ 1] 0.73958 
----------------------------------------------------------------------------------------------------------------------------------
[89, 89, 89, 89, 89, 89, 24, 72, 72,  1] -> [72] 0.055, [ 1] 0.039, [64] 0.032
[89] 0.02766 [89] 0.01044 [89] 0.01142 [89] 0.01881 [89] 0.01269 [89] 0.03398 [24] 0.01255 [72] 0.04739 [72] 0.04819 [ 1] 0.77688 
Shortcut: [(2, tensor(1, device='cuda:0')), (3, tensor(1, device='cuda:0')), (4, tensor(1, device='cuda:0')), (5, tensor(1, device='cuda:0')), (7, tensor(1, device='cuda:0')), (8, tensor(1, device='cuda:0')), (9, tensor(1, device='cuda:0'))] -> [(9, tensor(1, device='cuda:0'))]


Analyzing [6], Perturbations [10], Index [4], Changes [[(0, tensor(0, device='cuda:0')), (1, tensor(64, device='cuda:0')), (2, tensor(2, device='cuda:0')), (3, tensor(64, device='cuda:0')), (4, tensor(64, device='cuda:0')), (5, tensor(64, device='cuda:0')), (6, tensor(2, device='cuda:0')), (7, tensor(2, device='cuda:0')), (8, tensor(2, device='cuda:0')), (9, tensor(2, device='cuda:0'))]], Needed [2]
[42, 42, 72, 42, 57, 57, 57, 57, 72, 57] -> [57] 0.445, [58] 0.321, [64] 0.057
[42] 0.04211 [42] 0.01607 [72] 0.01910 [42] 0.03063 [57] 0.02034 [57] 0.05225 [57] 0.02462 [57] 0.06266 [72] 0.07782 [57] 0.65439 
----------------------------------------------------------------------------------------------------------------------------------
[ 0, 64,  2, 64, 64, 64,  2,  2,  2,  2] -> [ 2] 0.851, [72] 0.013, [ 0] 0.013
[ 0] 0.01133 [64] 0.00363 [ 2] 0.00412 [64] 0.00713 [64] 0.00534 [64] 0.02028 [ 2] 0.00430 [ 2] 0.03313 [ 2] 0.02390 [ 2] 0.88684 
----------------------------------------------------------------------------------------------------------------------------------
[ 0, 42, 72, 42, 57, 57, 57, 57, 72, 57] -> [57] 0.433, [58] 0.331, [64] 0.058
[ 0] 0.04165 [42] 0.01585 [72] 0.01884 [42] 0.03028 [57] 0.02013 [57] 0.05200 [57] 0.02420 [57] 0.06287 [72] 0.07747 [57] 0.65672 
Shortcut: [(1, tensor(64, device='cuda:0')), (2, tensor(2, device='cuda:0')), (3, tensor(64, device='cuda:0')), (4, tensor(64, device='cuda:0')), (5, tensor(64, device='cuda:0')), (6, tensor(2, device='cuda:0')), (7, tensor(2, device='cuda:0')), (8, tensor(2, device='cuda:0')), (9, tensor(2, device='cuda:0'))] -> [(0, tensor(0, device='cuda:0'))]


Analyzing [7], Perturbations [10], Index [5], Changes [[(0, tensor(0, device='cuda:0')), (1, tensor(0, device='cuda:0')), (2, tensor(72, device='cuda:0')), (3, tensor(72, device='cuda:0')), (4, tensor(0, device='cuda:0')), (5, tensor(0, device='cuda:0')), (6, tensor(0, device='cuda:0')), (7, tensor(0, device='cuda:0')), (8, tensor(0, device='cuda:0')), (9, tensor(0, device='cuda:0'))]], Needed [2]
[21, 24, 24, 20, 21, 20, 21, 24, 24, 44] -> [72] 0.234, [44] 0.093, [24] 0.073
[21] 0.04705 [24] 0.02151 [24] 0.02286 [20] 0.03567 [21] 0.02545 [20] 0.05125 [21] 0.03949 [24] 0.13109 [24] 0.11786 [44] 0.50778 
----------------------------------------------------------------------------------------------------------------------------------
[ 0,  0, 72, 72,  0,  0,  0,  0,  0,  0] -> [ 0] 0.834, [72] 0.017, [15] 0.015
[ 0] 0.01815 [ 0] 0.00692 [72] 0.00713 [72] 0.01227 [ 0] 0.00960 [ 0] 0.02989 [ 0] 0.00928 [ 0] 0.06929 [ 0] 0.05278 [ 0] 0.78469 
----------------------------------------------------------------------------------------------------------------------------------
[ 0, 24, 24, 20, 21, 20, 21, 24, 24, 44] -> [72] 0.240, [44] 0.110, [20] 0.056
[ 0] 0.04662 [24] 0.02125 [24] 0.02259 [20] 0.03535 [21] 0.02522 [20] 0.05109 [21] 0.03888 [24] 0.13138 [24] 0.11747 [44] 0.51016 
Shortcut: [(1, tensor(0, device='cuda:0')), (2, tensor(72, device='cuda:0')), (3, tensor(72, device='cuda:0')), (4, tensor(0, device='cuda:0')), (5, tensor(0, device='cuda:0')), (6, tensor(0, device='cuda:0')), (7, tensor(0, device='cuda:0')), (8, tensor(0, device='cuda:0')), (9, tensor(0, device='cuda:0'))] -> [(0, tensor(0, device='cuda:0'))]


Analyzing [8], Perturbations [10], Index [6], Changes [[(0, tensor(1, device='cuda:0')), (1, tensor(1, device='cuda:0')), (2, tensor(1, device='cuda:0')), (3, tensor(1, device='cuda:0')), (4, tensor(1, device='cuda:0')), (5, tensor(1, device='cuda:0')), (6, tensor(1, device='cuda:0')), (7, tensor(1, device='cuda:0')), (8, tensor(1, device='cuda:0')), (9, tensor(1, device='cuda:0'))]], Needed [2]
[57, 64, 57, 64, 64, 64, 57, 57, 58, 57] -> [57] 0.394, [58] 0.366, [64] 0.126
[57] 0.03812 [64] 0.01422 [57] 0.01691 [64] 0.02780 [64] 0.01843 [64] 0.05197 [57] 0.02102 [57] 0.05957 [58] 0.06402 [57] 0.68794 
----------------------------------------------------------------------------------------------------------------------------------
[ 1,  1,  1,  1,  1,  1,  1,  1,  1,  1] -> [ 1] 0.067, [15] 0.042, [17] 0.028
[ 1] 0.02240 [ 1] 0.00890 [ 1] 0.00919 [ 1] 0.01696 [ 1] 0.01199 [ 1] 0.03485 [ 1] 0.01211 [ 1] 0.06937 [ 1] 0.05805 [ 1] 0.75618 
----------------------------------------------------------------------------------------------------------------------------------
[57, 64, 57, 64, 64, 64, 57, 57, 58,  1] -> [64] 0.064, [ 1] 0.038, [57] 0.035
[57] 0.02897 [64] 0.01085 [57] 0.01222 [64] 0.02064 [64] 0.01374 [64] 0.03970 [57] 0.01377 [57] 0.04666 [58] 0.04416 [ 1] 0.76929 
Shortcut: [(1, tensor(1, device='cuda:0')), (2, tensor(1, device='cuda:0')), (3, tensor(1, device='cuda:0')), (4, tensor(1, device='cuda:0')), (5, tensor(1, device='cuda:0')), (6, tensor(1, device='cuda:0')), (7, tensor(1, device='cuda:0')), (8, tensor(1, device='cuda:0')), (9, tensor(1, device='cuda:0'))] -> [(9, tensor(1, device='cuda:0'))]


Analyzing [11], Perturbations [10], Index [7], Changes [[(0, tensor(1, device='cuda:0')), (1, tensor(1, device='cuda:0')), (2, tensor(1, device='cuda:0')), (3, tensor(1, device='cuda:0')), (4, tensor(1, device='cuda:0')), (5, tensor(1, device='cuda:0')), (6, tensor(1, device='cuda:0')), (7, tensor(1, device='cuda:0')), (8, tensor(1, device='cuda:0')), (9, tensor(1, device='cuda:0'))]], Needed [2]
[ 2,  2, 72, 72, 40, 23, 40, 40, 40, 40] -> [40] 0.838, [23] 0.059, [72] 0.010
[ 2] 0.02298 [ 2] 0.00860 [72] 0.00943 [72] 0.01635 [40] 0.01222 [23] 0.03547 [40] 0.01275 [40] 0.07688 [40] 0.07339 [40] 0.73193 
----------------------------------------------------------------------------------------------------------------------------------
[ 1,  1,  1,  1,  1,  1,  1,  1,  1,  1] -> [ 1] 0.067, [15] 0.042, [17] 0.028
[ 1] 0.02240 [ 1] 0.00890 [ 1] 0.00919 [ 1] 0.01696 [ 1] 0.01199 [ 1] 0.03485 [ 1] 0.01211 [ 1] 0.06937 [ 1] 0.05805 [ 1] 0.75618 
----------------------------------------------------------------------------------------------------------------------------------
[ 2,  2, 72, 72, 40, 23, 40, 40, 40,  1] -> [ 1] 0.035, [40] 0.035, [72] 0.035
[ 2] 0.02532 [ 2] 0.01000 [72] 0.01062 [72] 0.01878 [40] 0.01375 [23] 0.03831 [40] 0.01460 [40] 0.08048 [40] 0.07581 [ 1] 0.71233 
Shortcut: [(1, tensor(1, device='cuda:0')), (2, tensor(1, device='cuda:0')), (3, tensor(1, device='cuda:0')), (4, tensor(1, device='cuda:0')), (5, tensor(1, device='cuda:0')), (6, tensor(1, device='cuda:0')), (7, tensor(1, device='cuda:0')), (8, tensor(1, device='cuda:0')), (9, tensor(1, device='cuda:0'))] -> [(9, tensor(1, device='cuda:0'))]


Analyzing [12], Perturbations [9], Index [8], Changes [[(0, tensor(0, device='cuda:0')), (1, tensor(0, device='cuda:0')), (2, tensor(72, device='cuda:0')), (3, tensor(72, device='cuda:0')), (4, tensor(0, device='cuda:0')), (5, tensor(0, device='cuda:0')), (6, tensor(0, device='cuda:0')), (7, tensor(0, device='cuda:0')), (9, tensor(0, device='cuda:0'))]], Needed [2]
[89, 89, 84, 64, 64, 64, 64, 64, 64, 64] -> [64] 0.822, [72] 0.028, [57] 0.018
[89] 0.07113 [89] 0.02762 [84] 0.03344 [64] 0.04815 [64] 0.03025 [64] 0.05763 [64] 0.03557 [64] 0.07610 [64] 0.06510 [64] 0.55502 
----------------------------------------------------------------------------------------------------------------------------------
[ 0,  0, 72, 72,  0,  0,  0,  0, 64,  0] -> [ 0] 0.792, [72] 0.022, [15] 0.017
[ 0] 0.02219 [ 0] 0.00830 [72] 0.00890 [72] 0.01473 [ 0] 0.01080 [ 0] 0.03107 [ 0] 0.01053 [ 0] 0.05808 [64] 0.04456 [ 0] 0.79086 
----------------------------------------------------------------------------------------------------------------------------------
[89, 89, 84, 64, 64, 64, 64, 64, 64,  0] -> [ 0] 0.692, [72] 0.031, [15] 0.021
[89] 0.02199 [89] 0.00776 [84] 0.00875 [64] 0.01352 [64] 0.00921 [64] 0.02590 [64] 0.00876 [64] 0.03219 [64] 0.02643 [ 0] 0.84548 
Shortcut: [(1, tensor(0, device='cuda:0')), (2, tensor(72, device='cuda:0')), (3, tensor(72, device='cuda:0')), (4, tensor(0, device='cuda:0')), (5, tensor(0, device='cuda:0')), (6, tensor(0, device='cuda:0')), (7, tensor(0, device='cuda:0')), (9, tensor(0, device='cuda:0'))] -> [(9, tensor(0, device='cuda:0'))]


Analyzing [13], Perturbations [9], Index [9], Changes [[(0, tensor(0, device='cuda:0')), (1, tensor(0, device='cuda:0')), (2, tensor(0, device='cuda:0')), (3, tensor(0, device='cuda:0')), (4, tensor(0, device='cuda:0')), (5, tensor(0, device='cuda:0')), (6, tensor(87, device='cuda:0')), (8, tensor(0, device='cuda:0')), (9, tensor(0, device='cuda:0'))]], Needed [2]
[72, 42, 72, 72, 86, 87, 86, 87, 66, 66] -> [66] 0.709, [86] 0.084, [72] 0.048
[72] 0.01577 [42] 0.00603 [72] 0.00616 [72] 0.01170 [86] 0.00846 [87] 0.03214 [86] 0.00778 [87] 0.06205 [66] 0.04122 [66] 0.80869 
----------------------------------------------------------------------------------------------------------------------------------
[ 0,  0,  0,  0,  0,  0, 87, 87,  0,  0] -> [ 0] 0.759, [72] 0.020, [15] 0.019
[ 0] 0.02275 [ 0] 0.00964 [ 0] 0.00992 [ 0] 0.01732 [ 0] 0.01341 [ 0] 0.03920 [87] 0.01487 [87] 0.08544 [ 0] 0.10179 [ 0] 0.68564 
----------------------------------------------------------------------------------------------------------------------------------
[ 0, 42, 72, 72, 86, 87, 86, 87, 66, 66] -> [66] 0.707, [86] 0.085, [72] 0.046
[ 0] 0.01565 [42] 0.00598 [72] 0.00610 [72] 0.01161 [86] 0.00841 [87] 0.03202 [86] 0.00770 [87] 0.06212 [66] 0.04104 [66] 0.80937 
Shortcut: [(1, tensor(0, device='cuda:0')), (2, tensor(0, device='cuda:0')), (3, tensor(0, device='cuda:0')), (4, tensor(0, device='cuda:0')), (5, tensor(0, device='cuda:0')), (6, tensor(87, device='cuda:0')), (8, tensor(0, device='cuda:0')), (9, tensor(0, device='cuda:0'))] -> [(0, tensor(0, device='cuda:0'))]


Analyzing [16], Perturbations [10], Index [10], Changes [[(0, tensor(0, device='cuda:0')), (1, tensor(0, device='cuda:0')), (2, tensor(0, device='cuda:0')), (3, tensor(0, device='cuda:0')), (4, tensor(0, device='cuda:0')), (5, tensor(0, device='cuda:0')), (6, tensor(0, device='cuda:0')), (7, tensor(0, device='cuda:0')), (8, tensor(0, device='cuda:0')), (9, tensor(0, device='cuda:0'))]], Needed [2]
[42, 22, 42, 42, 42, 42, 42, 72, 42, 22] -> [22] 0.686, [42] 0.127, [72] 0.090
[42] 0.03742 [22] 0.01513 [42] 0.01793 [42] 0.02636 [42] 0.01764 [42] 0.04217 [42] 0.02571 [72] 0.05393 [42] 0.07266 [22] 0.69105 
----------------------------------------------------------------------------------------------------------------------------------
[ 0,  0,  0,  0,  0,  0,  0,  0,  0,  0] -> [ 0] 0.846, [72] 0.015, [15] 0.014
[ 0] 0.01763 [ 0] 0.00672 [ 0] 0.00689 [ 0] 0.01196 [ 0] 0.00941 [ 0] 0.02955 [ 0] 0.00899 [ 0] 0.07102 [ 0] 0.05223 [ 0] 0.78560 
----------------------------------------------------------------------------------------------------------------------------------
[ 0, 22, 42, 42, 42, 42, 42, 72, 42, 22] -> [22] 0.674, [42] 0.120, [72] 0.097
[ 0] 0.03700 [22] 0.01493 [42] 0.01767 [42] 0.02606 [42] 0.01745 [42] 0.04196 [42] 0.02527 [72] 0.05408 [42] 0.07234 [22] 0.69323 
Shortcut: [(1, tensor(0, device='cuda:0')), (2, tensor(0, device='cuda:0')), (3, tensor(0, device='cuda:0')), (4, tensor(0, device='cuda:0')), (5, tensor(0, device='cuda:0')), (6, tensor(0, device='cuda:0')), (7, tensor(0, device='cuda:0')), (8, tensor(0, device='cuda:0')), (9, tensor(0, device='cuda:0'))] -> [(0, tensor(0, device='cuda:0'))]


Analyzing [17], Perturbations [10], Index [11], Changes [[(0, tensor(0, device='cuda:0')), (1, tensor(0, device='cuda:0')), (2, tensor(0, device='cuda:0')), (3, tensor(64, device='cuda:0')), (4, tensor(64, device='cuda:0')), (5, tensor(42, device='cuda:0')), (6, tensor(42, device='cuda:0')), (7, tensor(0, device='cuda:0')), (8, tensor(0, device='cuda:0')), (9, tensor(0, device='cuda:0'))]], Needed [2]
[64, 64, 64, 56, 56, 64, 64, 56, 56, 64] -> [64] 0.821, [57] 0.022, [72] 0.019
[64] 0.06148 [64] 0.02494 [64] 0.02867 [56] 0.04372 [56] 0.02963 [64] 0.06070 [64] 0.03777 [56] 0.11524 [56] 0.09953 [64] 0.49831 
----------------------------------------------------------------------------------------------------------------------------------
[ 0,  0,  0, 64, 64, 42, 42,  0,  0,  0] -> [ 0] 0.798, [72] 0.020, [15] 0.017
[ 0] 0.02017 [ 0] 0.00774 [ 0] 0.00819 [64] 0.01356 [64] 0.01030 [42] 0.03105 [42] 0.01064 [ 0] 0.06056 [ 0] 0.05101 [ 0] 0.78678 
----------------------------------------------------------------------------------------------------------------------------------
[64, 64, 64, 56, 56, 64, 64, 56, 56,  0] -> [ 0] 0.652, [72] 0.034, [15] 0.021
[64] 0.02084 [64] 0.00767 [64] 0.00825 [56] 0.01346 [56] 0.00987 [64] 0.02964 [64] 0.01016 [56] 0.05274 [56] 0.04392 [ 0] 0.80345 
Shortcut: [(1, tensor(0, device='cuda:0')), (2, tensor(0, device='cuda:0')), (3, tensor(64, device='cuda:0')), (4, tensor(64, device='cuda:0')), (5, tensor(42, device='cuda:0')), (6, tensor(42, device='cuda:0')), (7, tensor(0, device='cuda:0')), (8, tensor(0, device='cuda:0')), (9, tensor(0, device='cuda:0'))] -> [(9, tensor(0, device='cuda:0'))]


Analyzing [19], Perturbations [10], Index [12], Changes [[(0, tensor(64, device='cuda:0')), (1, tensor(64, device='cuda:0')), (2, tensor(64, device='cuda:0')), (3, tensor(64, device='cuda:0')), (4, tensor(64, device='cuda:0')), (5, tensor(86, device='cuda:0')), (6, tensor(7, device='cuda:0')), (7, tensor(86, device='cuda:0')), (8, tensor(6, device='cuda:0')), (9, tensor(6, device='cuda:0'))]], Needed [2]
[79, 81, 72, 72, 54, 53, 62, 59, 64, 57] -> [57] 0.361, [58] 0.306, [64] 0.113
[79] 0.03699 [81] 0.01403 [72] 0.01625 [72] 0.02681 [54] 0.01825 [53] 0.04759 [62] 0.02131 [59] 0.07397 [64] 0.07171 [57] 0.67310 
----------------------------------------------------------------------------------------------------------------------------------
[64, 64, 64, 64, 64, 86,  7, 86,  6,  6] -> [64] 0.069, [72] 0.058, [57] 0.054
[64] 0.02682 [64] 0.01091 [64] 0.01190 [64] 0.02002 [64] 0.01517 [86] 0.04067 [ 7] 0.01618 [86] 0.07835 [ 6] 0.08434 [ 6] 0.69565 
----------------------------------------------------------------------------------------------------------------------------------
[79, 81, 72, 72, 54, 53, 62, 59, 64,  6] -> [72] 0.077, [64] 0.073, [57] 0.067
[79] 0.02947 [81] 0.01112 [72] 0.01260 [72] 0.02045 [54] 0.01458 [53] 0.03787 [62] 0.01507 [59] 0.06435 [64] 0.05177 [ 6] 0.74273 
Shortcut: [(1, tensor(64, device='cuda:0')), (2, tensor(64, device='cuda:0')), (3, tensor(64, device='cuda:0')), (4, tensor(64, device='cuda:0')), (5, tensor(86, device='cuda:0')), (6, tensor(7, device='cuda:0')), (7, tensor(86, device='cuda:0')), (8, tensor(6, device='cuda:0')), (9, tensor(6, device='cuda:0'))] -> [(9, tensor(6, device='cuda:0'))]


Analyzing [20], Perturbations [10], Index [13], Changes [[(0, tensor(83, device='cuda:0')), (1, tensor(83, device='cuda:0')), (2, tensor(83, device='cuda:0')), (3, tensor(83, device='cuda:0')), (4, tensor(83, device='cuda:0')), (5, tensor(83, device='cuda:0')), (6, tensor(83, device='cuda:0')), (7, tensor(83, device='cuda:0')), (8, tensor(0, device='cuda:0')), (9, tensor(0, device='cuda:0'))]], Needed [2]
[ 2,  2,  2,  2,  2, 86, 87, 87, 86, 66] -> [66] 0.665, [86] 0.103, [87] 0.045
[ 2] 0.01831 [ 2] 0.00758 [ 2] 0.00772 [ 2] 0.01483 [ 2] 0.01088 [86] 0.03835 [87] 0.01092 [87] 0.07390 [86] 0.08561 [66] 0.73190 
----------------------------------------------------------------------------------------------------------------------------------
[83, 83, 83, 83, 83, 83, 83, 83,  0,  0] -> [ 0] 0.707, [72] 0.034, [10] 0.017
[83] 0.01841 [83] 0.00708 [83] 0.00737 [83] 0.01288 [83] 0.00984 [83] 0.03024 [83] 0.00998 [83] 0.06807 [ 0] 0.05556 [ 0] 0.78056 
----------------------------------------------------------------------------------------------------------------------------------
[ 2,  2,  2,  2,  2, 86, 87, 87, 86,  0] -> [ 0] 0.413, [87] 0.092, [86] 0.071
[ 2] 0.02268 [ 2] 0.00999 [ 2] 0.01030 [ 2] 0.01869 [ 2] 0.01415 [86] 0.04232 [87] 0.01592 [87] 0.08114 [86] 0.14899 [ 0] 0.63584 
Shortcut: [(1, tensor(83, device='cuda:0')), (2, tensor(83, device='cuda:0')), (3, tensor(83, device='cuda:0')), (4, tensor(83, device='cuda:0')), (5, tensor(83, device='cuda:0')), (6, tensor(83, device='cuda:0')), (7, tensor(83, device='cuda:0')), (8, tensor(0, device='cuda:0')), (9, tensor(0, device='cuda:0'))] -> [(9, tensor(0, device='cuda:0'))]


Analyzing [21], Perturbations [10], Index [14], Changes [[(0, tensor(10, device='cuda:0')), (1, tensor(4, device='cuda:0')), (2, tensor(87, device='cuda:0')), (3, tensor(4, device='cuda:0')), (4, tensor(87, device='cuda:0')), (5, tensor(4, device='cuda:0')), (6, tensor(4, device='cuda:0')), (7, tensor(86, device='cuda:0')), (8, tensor(87, device='cuda:0')), (9, tensor(4, device='cuda:0'))]], Needed [2]
[64, 64, 64, 64, 64, 64, 64, 64, 64, 18] -> [18] 0.309, [72] 0.081, [64] 0.052
[64] 0.02410 [64] 0.00861 [64] 0.00997 [64] 0.01531 [64] 0.00989 [64] 0.02723 [64] 0.00994 [64] 0.03165 [64] 0.02731 [18] 0.83599 
----------------------------------------------------------------------------------------------------------------------------------
[10,  4, 87,  4, 87,  4,  4, 86, 87,  4] -> [86] 0.178, [87] 0.090, [66] 0.066
[10] 0.03012 [ 4] 0.01388 [87] 0.01510 [ 4] 0.02522 [87] 0.01912 [ 4] 0.04946 [ 4] 0.02370 [86] 0.08819 [87] 0.17058 [ 4] 0.56464 
----------------------------------------------------------------------------------------------------------------------------------
[10, 64, 64, 64, 64, 64, 64, 64, 64, 18] -> [18] 0.325, [72] 0.076, [64] 0.041
[10] 0.02403 [64] 0.00859 [64] 0.00994 [64] 0.01528 [64] 0.00987 [64] 0.02722 [64] 0.00992 [64] 0.03174 [64] 0.02730 [18] 0.83613 
Shortcut: [(1, tensor(4, device='cuda:0')), (2, tensor(87, device='cuda:0')), (3, tensor(4, device='cuda:0')), (4, tensor(87, device='cuda:0')), (5, tensor(4, device='cuda:0')), (6, tensor(4, device='cuda:0')), (7, tensor(86, device='cuda:0')), (8, tensor(87, device='cuda:0')), (9, tensor(4, device='cuda:0'))] -> [(0, tensor(10, device='cuda:0'))]


Analyzing [22], Perturbations [10], Index [15], Changes [[(0, tensor(1, device='cuda:0')), (1, tensor(1, device='cuda:0')), (2, tensor(1, device='cuda:0')), (3, tensor(1, device='cuda:0')), (4, tensor(1, device='cuda:0')), (5, tensor(1, device='cuda:0')), (6, tensor(1, device='cuda:0')), (7, tensor(1, device='cuda:0')), (8, tensor(1, device='cuda:0')), (9, tensor(1, device='cuda:0'))]], Needed [2]
[42, 42, 42, 42, 42, 42, 42, 42,  2,  2] -> [ 2] 0.798, [72] 0.021, [ 0] 0.014
[42] 0.01666 [42] 0.00578 [42] 0.00679 [42] 0.01099 [42] 0.00796 [42] 0.02621 [42] 0.00783 [42] 0.03543 [ 2] 0.03221 [ 2] 0.85016 
----------------------------------------------------------------------------------------------------------------------------------
[ 1,  1,  1,  1,  1,  1,  1,  1,  1,  1] -> [ 1] 0.067, [15] 0.042, [17] 0.028
[ 1] 0.02240 [ 1] 0.00890 [ 1] 0.00919 [ 1] 0.01696 [ 1] 0.01199 [ 1] 0.03485 [ 1] 0.01211 [ 1] 0.06937 [ 1] 0.05805 [ 1] 0.75618 
----------------------------------------------------------------------------------------------------------------------------------
[42, 42, 42, 42, 42, 42, 42, 42,  2,  1] -> [72] 0.043, [ 1] 0.042, [15] 0.039
[42] 0.02627 [42] 0.01020 [42] 0.01140 [42] 0.01889 [42] 0.01336 [42] 0.03726 [42] 0.01481 [42] 0.05588 [ 2] 0.05583 [ 1] 0.75609 
Shortcut: [(1, tensor(1, device='cuda:0')), (2, tensor(1, device='cuda:0')), (3, tensor(1, device='cuda:0')), (4, tensor(1, device='cuda:0')), (5, tensor(1, device='cuda:0')), (6, tensor(1, device='cuda:0')), (7, tensor(1, device='cuda:0')), (8, tensor(1, device='cuda:0')), (9, tensor(1, device='cuda:0'))] -> [(9, tensor(1, device='cuda:0'))]


Analyzing [23], Perturbations [10], Index [16], Changes [[(0, tensor(83, device='cuda:0')), (1, tensor(72, device='cuda:0')), (2, tensor(72, device='cuda:0')), (3, tensor(72, device='cuda:0')), (4, tensor(72, device='cuda:0')), (5, tensor(5, device='cuda:0')), (6, tensor(5, device='cuda:0')), (7, tensor(5, device='cuda:0')), (8, tensor(72, device='cuda:0')), (9, tensor(5, device='cuda:0'))]], Needed [2]
[89, 89, 89, 23, 40, 40, 23, 40, 40, 40] -> [40] 0.848, [23] 0.059, [72] 0.008
[89] 0.02229 [89] 0.00836 [89] 0.00912 [23] 0.01593 [40] 0.01198 [40] 0.03497 [23] 0.01246 [40] 0.07901 [40] 0.07324 [40] 0.73263 
----------------------------------------------------------------------------------------------------------------------------------
[83, 72, 72, 72, 72,  5,  5,  5, 72,  5] -> [72] 0.156, [64] 0.042, [86] 0.038
[83] 0.03111 [72] 0.01196 [72] 0.01357 [72] 0.02179 [72] 0.01466 [ 5] 0.03896 [ 5] 0.01544 [ 5] 0.05962 [72] 0.05995 [ 5] 0.73294 
----------------------------------------------------------------------------------------------------------------------------------
[89, 89, 89, 23, 40, 40, 23, 40, 40,  5] -> [40] 0.082, [72] 0.074, [64] 0.034
[89] 0.02686 [89] 0.01066 [89] 0.01165 [23] 0.02004 [40] 0.01472 [40] 0.04026 [23] 0.01626 [40] 0.09425 [40] 0.08531 [ 5] 0.67999 
Shortcut: [(1, tensor(72, device='cuda:0')), (2, tensor(72, device='cuda:0')), (3, tensor(72, device='cuda:0')), (4, tensor(72, device='cuda:0')), (5, tensor(5, device='cuda:0')), (6, tensor(5, device='cuda:0')), (7, tensor(5, device='cuda:0')), (8, tensor(72, device='cuda:0')), (9, tensor(5, device='cuda:0'))] -> [(9, tensor(5, device='cuda:0'))]


Analyzing [24], Perturbations [9], Index [17], Changes [[(0, tensor(1, device='cuda:0')), (1, tensor(57, device='cuda:0')), (3, tensor(1, device='cuda:0')), (4, tensor(1, device='cuda:0')), (5, tensor(24, device='cuda:0')), (6, tensor(1, device='cuda:0')), (7, tensor(1, device='cuda:0')), (8, tensor(1, device='cuda:0')), (9, tensor(1, device='cuda:0'))]], Needed [2]
[58, 58, 57, 64, 64, 42, 42, 57, 57, 58] -> [58] 0.371, [57] 0.332, [64] 0.119
[58] 0.05983 [58] 0.02501 [57] 0.02978 [64] 0.04759 [64] 0.03143 [42] 0.07614 [42] 0.04027 [57] 0.09721 [57] 0.10508 [58] 0.48767 
----------------------------------------------------------------------------------------------------------------------------------
[ 1, 57, 57,  1,  1, 24,  1,  1,  1,  1] -> [ 1] 0.060, [15] 0.038, [17] 0.025
[ 1] 0.02416 [57] 0.00973 [57] 0.01010 [ 1] 0.01830 [ 1] 0.01288 [24] 0.03598 [ 1] 0.01355 [ 1] 0.06863 [ 1] 0.06018 [ 1] 0.74650 
----------------------------------------------------------------------------------------------------------------------------------
[58, 58, 57, 64, 64, 42, 42, 57, 57,  1] -> [57] 0.049, [64] 0.046, [72] 0.039
[58] 0.02985 [58] 0.01162 [57] 0.01306 [64] 0.02223 [64] 0.01528 [42] 0.04198 [42] 0.01744 [57] 0.06121 [57] 0.06456 [ 1] 0.72277 
Shortcut: [(1, tensor(57, device='cuda:0')), (3, tensor(1, device='cuda:0')), (4, tensor(1, device='cuda:0')), (5, tensor(24, device='cuda:0')), (6, tensor(1, device='cuda:0')), (7, tensor(1, device='cuda:0')), (8, tensor(1, device='cuda:0')), (9, tensor(1, device='cuda:0'))] -> [(9, tensor(1, device='cuda:0'))]


Analyzing [25], Perturbations [10], Index [18], Changes [[(0, tensor(64, device='cuda:0')), (1, tensor(64, device='cuda:0')), (2, tensor(64, device='cuda:0')), (3, tensor(64, device='cuda:0')), (4, tensor(64, device='cuda:0')), (5, tensor(64, device='cuda:0')), (6, tensor(64, device='cuda:0')), (7, tensor(4, device='cuda:0')), (8, tensor(4, device='cuda:0')), (9, tensor(6, device='cuda:0'))]], Needed [2]
[57, 57, 58, 58, 42, 42, 42, 42, 72, 72] -> [72] 0.532, [42] 0.099, [57] 0.069
[57] 0.07777 [57] 0.03222 [58] 0.03847 [58] 0.05412 [42] 0.03491 [42] 0.06831 [42] 0.04533 [42] 0.08219 [72] 0.10952 [72] 0.45715 
----------------------------------------------------------------------------------------------------------------------------------
[64, 64, 64, 64, 64, 64, 64,  4,  4,  6] -> [64] 0.130, [57] 0.069, [72] 0.066
[64] 0.02730 [64] 0.01054 [64] 0.01197 [64] 0.01865 [64] 0.01383 [64] 0.03653 [64] 0.01461 [ 4] 0.06079 [ 4] 0.05435 [ 6] 0.75143 
----------------------------------------------------------------------------------------------------------------------------------
[64, 57, 58, 58, 42, 42, 42, 42, 72, 72] -> [72] 0.556, [42] 0.082, [64] 0.058
[64] 0.07793 [57] 0.03232 [58] 0.03857 [58] 0.05421 [42] 0.03498 [42] 0.06834 [42] 0.04551 [42] 0.08226 [72] 0.10981 [72] 0.45606 
Shortcut: [(1, tensor(64, device='cuda:0')), (2, tensor(64, device='cuda:0')), (3, tensor(64, device='cuda:0')), (4, tensor(64, device='cuda:0')), (5, tensor(64, device='cuda:0')), (6, tensor(64, device='cuda:0')), (7, tensor(4, device='cuda:0')), (8, tensor(4, device='cuda:0')), (9, tensor(6, device='cuda:0'))] -> [(0, tensor(64, device='cuda:0'))]


Analyzing [26], Perturbations [10], Index [19], Changes [[(0, tensor(57, device='cuda:0')), (1, tensor(57, device='cuda:0')), (2, tensor(57, device='cuda:0')), (3, tensor(58, device='cuda:0')), (4, tensor(1, device='cuda:0')), (5, tensor(58, device='cuda:0')), (6, tensor(4, device='cuda:0')), (7, tensor(3, device='cuda:0')), (8, tensor(4, device='cuda:0')), (9, tensor(1, device='cuda:0'))]], Needed [2]
[64, 64, 64, 64, 64, 86, 87, 86, 87, 87] -> [86] 0.623, [66] 0.140, [87] 0.136
[64] 0.02135 [64] 0.01077 [64] 0.01156 [64] 0.02050 [64] 0.01541 [86] 0.04235 [87] 0.02005 [86] 0.05549 [87] 0.30027 [87] 0.50226 
----------------------------------------------------------------------------------------------------------------------------------
[57, 57, 57, 58,  1, 58,  4,  3,  4,  1] -> [ 1] 0.046, [15] 0.032, [72] 0.028
[57] 0.02207 [57] 0.00837 [57] 0.00906 [58] 0.01580 [ 1] 0.01137 [58] 0.03408 [ 4] 0.01108 [ 3] 0.06113 [ 4] 0.05254 [ 1] 0.77451 
----------------------------------------------------------------------------------------------------------------------------------
[64, 64, 64, 64, 64, 86, 87, 86, 87,  1] -> [86] 0.128, [87] 0.090, [66] 0.039
[64] 0.02951 [64] 0.01383 [64] 0.01451 [64] 0.02596 [64] 0.01890 [86] 0.04884 [87] 0.02366 [86] 0.08207 [87] 0.18836 [ 1] 0.55435 
Shortcut: [(1, tensor(57, device='cuda:0')), (2, tensor(57, device='cuda:0')), (3, tensor(58, device='cuda:0')), (4, tensor(1, device='cuda:0')), (5, tensor(58, device='cuda:0')), (6, tensor(4, device='cuda:0')), (7, tensor(3, device='cuda:0')), (8, tensor(4, device='cuda:0')), (9, tensor(1, device='cuda:0'))] -> [(9, tensor(1, device='cuda:0'))]


Analyzing [28], Perturbations [10], Index [20], Changes [[(0, tensor(57, device='cuda:0')), (1, tensor(58, device='cuda:0')), (2, tensor(57, device='cuda:0')), (3, tensor(58, device='cuda:0')), (4, tensor(57, device='cuda:0')), (5, tensor(1, device='cuda:0')), (6, tensor(1, device='cuda:0')), (7, tensor(1, device='cuda:0')), (8, tensor(1, device='cuda:0')), (9, tensor(1, device='cuda:0'))]], Needed [2]
[83, 83, 83, 83, 83, 83, 83, 83, 57, 58] -> [57] 0.234, [58] 0.222, [72] 0.125
[83] 0.05156 [83] 0.02188 [83] 0.02499 [83] 0.04221 [83] 0.02887 [83] 0.07141 [83] 0.03558 [83] 0.11906 [57] 0.11680 [58] 0.48765 
----------------------------------------------------------------------------------------------------------------------------------
[57, 58, 57, 58, 57,  1,  1,  1,  1,  1] -> [ 1] 0.058, [15] 0.039, [17] 0.026
[57] 0.02211 [58] 0.00862 [57] 0.00898 [58] 0.01655 [57] 0.01164 [ 1] 0.03432 [ 1] 0.01153 [ 1] 0.06501 [ 1] 0.05487 [ 1] 0.76637 
----------------------------------------------------------------------------------------------------------------------------------
[83, 83, 83, 83, 83, 83, 83, 83,  1, 58] -> [57] 0.178, [58] 0.164, [72] 0.138
[83] 0.04724 [83] 0.02021 [83] 0.02233 [83] 0.03838 [83] 0.02646 [83] 0.06617 [83] 0.03090 [83] 0.11923 [ 1] 0.10836 [58] 0.52072 
Shortcut: [(1, tensor(58, device='cuda:0')), (2, tensor(57, device='cuda:0')), (3, tensor(58, device='cuda:0')), (4, tensor(57, device='cuda:0')), (5, tensor(1, device='cuda:0')), (6, tensor(1, device='cuda:0')), (7, tensor(1, device='cuda:0')), (8, tensor(1, device='cuda:0')), (9, tensor(1, device='cuda:0'))] -> [(8, tensor(1, device='cuda:0'))]


Analyzing [29], Perturbations [8], Index [21], Changes [[(0, tensor(87, device='cuda:0')), (1, tensor(0, device='cuda:0')), (2, tensor(0, device='cuda:0')), (3, tensor(0, device='cuda:0')), (4, tensor(0, device='cuda:0')), (5, tensor(87, device='cuda:0')), (6, tensor(86, device='cuda:0')), (9, tensor(0, device='cuda:0'))]], Needed [2]
[10, 86, 87, 86, 87, 66, 66, 86, 87, 86] -> [87] 0.594, [86] 0.193, [66] 0.127
[10] 0.01974 [86] 0.00901 [87] 0.00930 [86] 0.01750 [87] 0.01321 [66] 0.04185 [66] 0.01405 [86] 0.06990 [87] 0.19170 [86] 0.61374 
----------------------------------------------------------------------------------------------------------------------------------
[87,  0,  0,  0,  0, 87, 86, 86, 87,  0] -> [ 0] 0.382, [86] 0.119, [87] 0.083
[87] 0.02371 [ 0] 0.01068 [ 0] 0.01110 [ 0] 0.01978 [ 0] 0.01506 [87] 0.04333 [86] 0.01761 [86] 0.08009 [87] 0.16283 [ 0] 0.61581 
----------------------------------------------------------------------------------------------------------------------------------
[10, 86, 87, 86, 87, 66, 66, 86, 87,  0] -> [ 0] 0.508, [86] 0.061, [87] 0.053
[10] 0.01916 [86] 0.00805 [87] 0.00834 [86] 0.01518 [87] 0.01160 [66] 0.03737 [66] 0.01184 [86] 0.07312 [87] 0.10574 [ 0] 0.70961 
Shortcut: [(1, tensor(0, device='cuda:0')), (2, tensor(0, device='cuda:0')), (3, tensor(0, device='cuda:0')), (4, tensor(0, device='cuda:0')), (5, tensor(87, device='cuda:0')), (6, tensor(86, device='cuda:0')), (9, tensor(0, device='cuda:0'))] -> [(9, tensor(0, device='cuda:0'))]


Analyzing [30], Perturbations [10], Index [22], Changes [[(0, tensor(1, device='cuda:0')), (1, tensor(57, device='cuda:0')), (2, tensor(57, device='cuda:0')), (3, tensor(1, device='cuda:0')), (4, tensor(1, device='cuda:0')), (5, tensor(1, device='cuda:0')), (6, tensor(1, device='cuda:0')), (7, tensor(1, device='cuda:0')), (8, tensor(57, device='cuda:0')), (9, tensor(1, device='cuda:0'))]], Needed [2]
[72, 72, 72, 72, 72, 72, 72, 72, 85, 72] -> [72] 0.811, [64] 0.026, [44] 0.018
[72] 0.07006 [72] 0.02889 [72] 0.03343 [72] 0.04779 [72] 0.03165 [72] 0.06542 [72] 0.03830 [72] 0.08502 [85] 0.11428 [72] 0.48516 
----------------------------------------------------------------------------------------------------------------------------------
[ 1, 57, 57,  1,  1,  1,  1,  1, 57,  1] -> [ 1] 0.055, [15] 0.039, [17] 0.025
[ 1] 0.02546 [57] 0.01002 [57] 0.01072 [ 1] 0.01940 [ 1] 0.01358 [ 1] 0.03898 [ 1] 0.01449 [ 1] 0.07071 [57] 0.06417 [ 1] 0.73247 
----------------------------------------------------------------------------------------------------------------------------------
[72, 72, 72, 72, 72, 72, 72, 72, 85,  1] -> [72] 0.090, [ 1] 0.033, [64] 0.031
[72] 0.02802 [72] 0.01069 [72] 0.01178 [72] 0.01909 [72] 0.01311 [72] 0.03619 [72] 0.01323 [72] 0.04784 [85] 0.05338 [ 1] 0.76667 
Shortcut: [(1, tensor(57, device='cuda:0')), (2, tensor(57, device='cuda:0')), (3, tensor(1, device='cuda:0')), (4, tensor(1, device='cuda:0')), (5, tensor(1, device='cuda:0')), (6, tensor(1, device='cuda:0')), (7, tensor(1, device='cuda:0')), (8, tensor(57, device='cuda:0')), (9, tensor(1, device='cuda:0'))] -> [(9, tensor(1, device='cuda:0'))]


Analyzing [31], Perturbations [10], Index [23], Changes [[(0, tensor(1, device='cuda:0')), (1, tensor(1, device='cuda:0')), (2, tensor(1, device='cuda:0')), (3, tensor(57, device='cuda:0')), (4, tensor(57, device='cuda:0')), (5, tensor(1, device='cuda:0')), (6, tensor(1, device='cuda:0')), (7, tensor(1, device='cuda:0')), (8, tensor(1, device='cuda:0')), (9, tensor(1, device='cuda:0'))]], Needed [2]
[83, 72, 72, 72, 72, 57, 57, 72, 72, 64] -> [64] 0.630, [72] 0.154, [57] 0.034
[83] 0.07670 [72] 0.03009 [72] 0.03686 [72] 0.05309 [72] 0.03340 [57] 0.06478 [57] 0.04031 [72] 0.07933 [72] 0.08903 [64] 0.49640 
----------------------------------------------------------------------------------------------------------------------------------
[ 1,  1,  1, 57, 57,  1,  1,  1,  1,  1] -> [ 1] 0.063, [15] 0.041, [17] 0.027
[ 1] 0.02288 [ 1] 0.00906 [ 1] 0.00942 [57] 0.01728 [57] 0.01216 [ 1] 0.03514 [ 1] 0.01232 [ 1] 0.06700 [ 1] 0.05717 [ 1] 0.75758 
----------------------------------------------------------------------------------------------------------------------------------
[83, 72, 72, 72, 72, 57, 57, 72, 72,  1] -> [72] 0.069, [ 1] 0.036, [15] 0.032
[83] 0.03034 [72] 0.01116 [72] 0.01269 [72] 0.02025 [72] 0.01330 [57] 0.03558 [57] 0.01314 [72] 0.03886 [72] 0.04460 [ 1] 0.78009 
Shortcut: [(1, tensor(1, device='cuda:0')), (2, tensor(1, device='cuda:0')), (3, tensor(57, device='cuda:0')), (4, tensor(57, device='cuda:0')), (5, tensor(1, device='cuda:0')), (6, tensor(1, device='cuda:0')), (7, tensor(1, device='cuda:0')), (8, tensor(1, device='cuda:0')), (9, tensor(1, device='cuda:0'))] -> [(9, tensor(1, device='cuda:0'))]


Analyzing [32], Perturbations [10], Index [24], Changes [[(0, tensor(2, device='cuda:0')), (1, tensor(72, device='cuda:0')), (2, tensor(72, device='cuda:0')), (3, tensor(4, device='cuda:0')), (4, tensor(4, device='cuda:0')), (5, tensor(72, device='cuda:0')), (6, tensor(72, device='cuda:0')), (7, tensor(4, device='cuda:0')), (8, tensor(4, device='cuda:0')), (9, tensor(4, device='cuda:0'))]], Needed [2]
[64, 57, 57, 58, 64, 24, 64, 64, 64, 64] -> [64] 0.807, [72] 0.028, [57] 0.027
[64] 0.07439 [57] 0.02943 [57] 0.03565 [58] 0.05119 [64] 0.03207 [24] 0.05937 [64] 0.03933 [64] 0.07795 [64] 0.06917 [64] 0.53145 
----------------------------------------------------------------------------------------------------------------------------------
[ 2, 72, 72,  4,  4, 72, 72,  4,  4,  4] -> [72] 0.101, [64] 0.047, [86] 0.037
[ 2] 0.02780 [72] 0.01085 [72] 0.01239 [ 4] 0.01909 [ 4] 0.01415 [72] 0.03851 [72] 0.01482 [ 4] 0.06290 [ 4] 0.06259 [ 4] 0.73689 
----------------------------------------------------------------------------------------------------------------------------------
[64, 57, 57, 58, 64, 24, 64, 64, 64,  4] -> [64] 0.162, [72] 0.067, [57] 0.043
[64] 0.03122 [57] 0.01171 [57] 0.01366 [58] 0.02017 [64] 0.01373 [24] 0.03427 [64] 0.01423 [64] 0.04098 [64] 0.03762 [ 4] 0.78240 
Shortcut: [(1, tensor(72, device='cuda:0')), (2, tensor(72, device='cuda:0')), (3, tensor(4, device='cuda:0')), (4, tensor(4, device='cuda:0')), (5, tensor(72, device='cuda:0')), (6, tensor(72, device='cuda:0')), (7, tensor(4, device='cuda:0')), (8, tensor(4, device='cuda:0')), (9, tensor(4, device='cuda:0'))] -> [(9, tensor(4, device='cuda:0'))]


Analyzing [35], Perturbations [10], Index [25], Changes [[(0, tensor(0, device='cuda:0')), (1, tensor(0, device='cuda:0')), (2, tensor(0, device='cuda:0')), (3, tensor(0, device='cuda:0')), (4, tensor(0, device='cuda:0')), (5, tensor(0, device='cuda:0')), (6, tensor(0, device='cuda:0')), (7, tensor(0, device='cuda:0')), (8, tensor(4, device='cuda:0')), (9, tensor(0, device='cuda:0'))]], Needed [2]
[64, 64, 64, 64, 64, 64, 64, 15, 15, 15] -> [15] 0.693, [64] 0.061, [ 2] 0.024
[64] 0.02262 [64] 0.00814 [64] 0.00963 [64] 0.01474 [64] 0.01027 [64] 0.03036 [64] 0.01039 [15] 0.03957 [15] 0.04338 [15] 0.81091 
----------------------------------------------------------------------------------------------------------------------------------
[ 0,  0,  0,  0,  0,  0,  0,  0,  4,  0] -> [ 0] 0.816, [72] 0.018, [15] 0.016
[ 0] 0.01899 [ 0] 0.00729 [ 0] 0.00765 [ 0] 0.01301 [ 0] 0.01013 [ 0] 0.03103 [ 0] 0.00983 [ 0] 0.07021 [ 4] 0.05380 [ 0] 0.77806 
----------------------------------------------------------------------------------------------------------------------------------
[64, 64, 64, 64, 64, 64, 64, 15, 15,  0] -> [ 0] 0.681, [15] 0.035, [72] 0.028
[64] 0.02159 [64] 0.00793 [64] 0.00883 [64] 0.01394 [64] 0.01009 [64] 0.03006 [64] 0.01030 [15] 0.04666 [15] 0.04425 [ 0] 0.80635 
Shortcut: [(1, tensor(0, device='cuda:0')), (2, tensor(0, device='cuda:0')), (3, tensor(0, device='cuda:0')), (4, tensor(0, device='cuda:0')), (5, tensor(0, device='cuda:0')), (6, tensor(0, device='cuda:0')), (7, tensor(0, device='cuda:0')), (8, tensor(4, device='cuda:0')), (9, tensor(0, device='cuda:0'))] -> [(9, tensor(0, device='cuda:0'))]


Analyzing [37], Perturbations [9], Index [26], Changes [[(0, tensor(1, device='cuda:0')), (2, tensor(72, device='cuda:0')), (3, tensor(1, device='cuda:0')), (4, tensor(1, device='cuda:0')), (5, tensor(1, device='cuda:0')), (6, tensor(1, device='cuda:0')), (7, tensor(1, device='cuda:0')), (8, tensor(1, device='cuda:0')), (9, tensor(1, device='cuda:0'))]], Needed [2]
[57, 57, 57, 58, 58, 58, 58, 64, 64, 64] -> [64] 0.783, [57] 0.047, [72] 0.026
[57] 0.06330 [57] 0.02311 [57] 0.02820 [58] 0.04244 [58] 0.02637 [58] 0.05689 [58] 0.02789 [64] 0.07093 [64] 0.05658 [64] 0.60430 
----------------------------------------------------------------------------------------------------------------------------------
[ 1, 57, 72,  1,  1,  1,  1,  1,  1,  1] -> [ 1] 0.064, [15] 0.041, [17] 0.027
[ 1] 0.02272 [57] 0.00902 [72] 0.00933 [ 1] 0.01716 [ 1] 0.01211 [ 1] 0.03503 [ 1] 0.01227 [ 1] 0.06857 [ 1] 0.05827 [ 1] 0.75554 
----------------------------------------------------------------------------------------------------------------------------------
[57, 57, 57, 58, 58, 58, 58, 64, 64,  1] -> [ 1] 0.047, [64] 0.044, [15] 0.033
[57] 0.02290 [57] 0.00784 [57] 0.00890 [58] 0.01480 [58] 0.00963 [58] 0.02845 [58] 0.00841 [64] 0.03195 [64] 0.02614 [ 1] 0.84098 
Shortcut: [(2, tensor(72, device='cuda:0')), (3, tensor(1, device='cuda:0')), (4, tensor(1, device='cuda:0')), (5, tensor(1, device='cuda:0')), (6, tensor(1, device='cuda:0')), (7, tensor(1, device='cuda:0')), (8, tensor(1, device='cuda:0')), (9, tensor(1, device='cuda:0'))] -> [(9, tensor(1, device='cuda:0'))]


Analyzing [38], Perturbations [10], Index [27], Changes [[(0, tensor(0, device='cuda:0')), (1, tensor(0, device='cuda:0')), (2, tensor(0, device='cuda:0')), (3, tensor(0, device='cuda:0')), (4, tensor(4, device='cuda:0')), (5, tensor(0, device='cuda:0')), (6, tensor(4, device='cuda:0')), (7, tensor(0, device='cuda:0')), (8, tensor(5, device='cuda:0')), (9, tensor(0, device='cuda:0'))]], Needed [2]
[44, 44, 72, 72, 72, 72, 72, 72, 72, 72] -> [72] 0.815, [44] 0.030, [64] 0.018
[44] 0.07789 [44] 0.03017 [72] 0.03634 [72] 0.04975 [72] 0.03143 [72] 0.06297 [72] 0.03583 [72] 0.06313 [72] 0.09167 [72] 0.52083 
----------------------------------------------------------------------------------------------------------------------------------
[ 0,  0,  0,  0,  4,  0,  4,  0,  5,  0] -> [ 0] 0.802, [72] 0.019, [15] 0.016
[ 0] 0.01932 [ 0] 0.00742 [ 0] 0.00784 [ 0] 0.01346 [ 4] 0.01014 [ 0] 0.03100 [ 4] 0.01008 [ 0] 0.06782 [ 5] 0.05306 [ 0] 0.77987 
----------------------------------------------------------------------------------------------------------------------------------
[ 0, 44, 72, 72, 72, 72, 72, 72, 72, 72] -> [72] 0.796, [44] 0.025, [64] 0.020
[ 0] 0.07793 [44] 0.03018 [72] 0.03636 [72] 0.04978 [72] 0.03144 [72] 0.06298 [72] 0.03587 [72] 0.06315 [72] 0.09175 [72] 0.52057 
Shortcut: [(1, tensor(0, device='cuda:0')), (2, tensor(0, device='cuda:0')), (3, tensor(0, device='cuda:0')), (4, tensor(4, device='cuda:0')), (5, tensor(0, device='cuda:0')), (6, tensor(4, device='cuda:0')), (7, tensor(0, device='cuda:0')), (8, tensor(5, device='cuda:0')), (9, tensor(0, device='cuda:0'))] -> [(0, tensor(0, device='cuda:0'))]


Analyzing [39], Perturbations [10], Index [28], Changes [[(0, tensor(10, device='cuda:0')), (1, tensor(10, device='cuda:0')), (2, tensor(10, device='cuda:0')), (3, tensor(10, device='cuda:0')), (4, tensor(10, device='cuda:0')), (5, tensor(10, device='cuda:0')), (6, tensor(0, device='cuda:0')), (7, tensor(0, device='cuda:0')), (8, tensor(0, device='cuda:0')), (9, tensor(0, device='cuda:0'))]], Needed [2]
[57, 58, 57, 58, 57, 44, 44, 72, 72, 72] -> [72] 0.683, [57] 0.047, [64] 0.040
[57] 0.07134 [58] 0.02783 [57] 0.03264 [58] 0.04684 [57] 0.03033 [44] 0.06290 [44] 0.03365 [72] 0.07616 [72] 0.09103 [72] 0.52728 
----------------------------------------------------------------------------------------------------------------------------------
[10, 10, 10, 10, 10, 10,  0,  0,  0,  0] -> [ 0] 0.798, [10] 0.021, [15] 0.019
[10] 0.01882 [10] 0.00733 [10] 0.00752 [10] 0.01295 [10] 0.01010 [10] 0.03080 [ 0] 0.01023 [ 0] 0.07397 [ 0] 0.05627 [ 0] 0.77202 
----------------------------------------------------------------------------------------------------------------------------------
[57, 58, 57, 58, 57, 44, 44, 72, 72,  0] -> [ 0] 0.715, [72] 0.037, [15] 0.020
[57] 0.02196 [58] 0.00768 [57] 0.00857 [58] 0.01355 [57] 0.00943 [44] 0.02823 [44] 0.00855 [72] 0.03625 [72] 0.03361 [ 0] 0.83218 
Shortcut: [(1, tensor(10, device='cuda:0')), (2, tensor(10, device='cuda:0')), (3, tensor(10, device='cuda:0')), (4, tensor(10, device='cuda:0')), (5, tensor(10, device='cuda:0')), (6, tensor(0, device='cuda:0')), (7, tensor(0, device='cuda:0')), (8, tensor(0, device='cuda:0')), (9, tensor(0, device='cuda:0'))] -> [(9, tensor(0, device='cuda:0'))]


Analyzing [41], Perturbations [10], Index [29], Changes [[(0, tensor(71, device='cuda:0')), (1, tensor(71, device='cuda:0')), (2, tensor(1, device='cuda:0')), (3, tensor(1, device='cuda:0')), (4, tensor(71, device='cuda:0')), (5, tensor(71, device='cuda:0')), (6, tensor(1, device='cuda:0')), (7, tensor(1, device='cuda:0')), (8, tensor(1, device='cuda:0')), (9, tensor(1, device='cuda:0'))]], Needed [2]
[87, 86, 66, 66, 45, 87, 86, 86, 87, 66] -> [66] 0.690, [86] 0.114, [87] 0.040
[87] 0.01786 [86] 0.00745 [66] 0.00764 [66] 0.01458 [45] 0.01079 [87] 0.03796 [86] 0.01080 [86] 0.07202 [87] 0.08776 [66] 0.73314 
----------------------------------------------------------------------------------------------------------------------------------
[71, 71,  1,  1, 71, 71,  1,  1,  1,  1] -> [ 1] 0.058, [15] 0.039, [72] 0.026
[71] 0.02544 [71] 0.01052 [ 1] 0.01081 [ 1] 0.01941 [71] 0.01377 [71] 0.03705 [ 1] 0.01494 [ 1] 0.07369 [ 1] 0.06473 [ 1] 0.72965 
----------------------------------------------------------------------------------------------------------------------------------
[87, 86, 66, 66, 45, 87, 86, 86, 87,  1] -> [86] 0.190, [87] 0.099, [66] 0.062
[87] 0.02572 [86] 0.01173 [66] 0.01219 [66] 0.02265 [45] 0.01669 [87] 0.04631 [86] 0.01921 [86] 0.08484 [87] 0.17351 [ 1] 0.58715 
Shortcut: [(1, tensor(71, device='cuda:0')), (2, tensor(1, device='cuda:0')), (3, tensor(1, device='cuda:0')), (4, tensor(71, device='cuda:0')), (5, tensor(71, device='cuda:0')), (6, tensor(1, device='cuda:0')), (7, tensor(1, device='cuda:0')), (8, tensor(1, device='cuda:0')), (9, tensor(1, device='cuda:0'))] -> [(9, tensor(1, device='cuda:0'))]


Analyzing [42], Perturbations [10], Index [30], Changes [[(0, tensor(0, device='cuda:0')), (1, tensor(72, device='cuda:0')), (2, tensor(72, device='cuda:0')), (3, tensor(72, device='cuda:0')), (4, tensor(72, device='cuda:0')), (5, tensor(0, device='cuda:0')), (6, tensor(0, device='cuda:0')), (7, tensor(0, device='cuda:0')), (8, tensor(0, device='cuda:0')), (9, tensor(0, device='cuda:0'))]], Needed [2]
[64, 57, 57, 64, 64, 64, 64, 64, 57, 64] -> [64] 0.809, [57] 0.033, [72] 0.025
[64] 0.06880 [57] 0.02742 [57] 0.03310 [64] 0.04902 [64] 0.03166 [64] 0.06291 [64] 0.04024 [64] 0.08787 [57] 0.08541 [64] 0.51357 
----------------------------------------------------------------------------------------------------------------------------------
[ 0, 72, 72, 72, 72,  0,  0,  0,  0,  0] -> [ 0] 0.824, [72] 0.019, [15] 0.015
[ 0] 0.01869 [72] 0.00711 [72] 0.00738 [72] 0.01255 [72] 0.00975 [ 0] 0.03014 [ 0] 0.00952 [ 0] 0.06650 [ 0] 0.05282 [ 0] 0.78553 
----------------------------------------------------------------------------------------------------------------------------------
[64, 57, 57, 64, 64, 64, 64, 64, 57,  0] -> [ 0] 0.650, [72] 0.035, [15] 0.023
[64] 0.02257 [57] 0.00818 [57] 0.00920 [64] 0.01462 [64] 0.01022 [64] 0.02987 [64] 0.01046 [64] 0.03903 [57] 0.03648 [ 0] 0.81937 
Shortcut: [(1, tensor(72, device='cuda:0')), (2, tensor(72, device='cuda:0')), (3, tensor(72, device='cuda:0')), (4, tensor(72, device='cuda:0')), (5, tensor(0, device='cuda:0')), (6, tensor(0, device='cuda:0')), (7, tensor(0, device='cuda:0')), (8, tensor(0, device='cuda:0')), (9, tensor(0, device='cuda:0'))] -> [(9, tensor(0, device='cuda:0'))]


Analyzing [43], Perturbations [10], Index [31], Changes [[(0, tensor(2, device='cuda:0')), (1, tensor(2, device='cuda:0')), (2, tensor(2, device='cuda:0')), (3, tensor(7, device='cuda:0')), (4, tensor(86, device='cuda:0')), (5, tensor(86, device='cuda:0')), (6, tensor(87, device='cuda:0')), (7, tensor(7, device='cuda:0')), (8, tensor(7, device='cuda:0')), (9, tensor(6, device='cuda:0'))]], Needed [2]
[64, 64, 64, 57, 57, 64, 64, 64, 58, 64] -> [64] 0.819, [57] 0.029, [72] 0.025
[64] 0.07011 [64] 0.02717 [64] 0.03303 [57] 0.04870 [57] 0.03043 [64] 0.06329 [64] 0.03476 [64] 0.07315 [58] 0.06467 [64] 0.55469 
----------------------------------------------------------------------------------------------------------------------------------
[ 2,  2,  2,  7, 86, 86, 87,  7,  7,  6] -> [72] 0.067, [57] 0.052, [64] 0.036
[ 2] 0.02654 [ 2] 0.01092 [ 2] 0.01167 [ 7] 0.02010 [86] 0.01506 [86] 0.04274 [87] 0.01637 [ 7] 0.08920 [ 7] 0.09012 [ 6] 0.67727 
----------------------------------------------------------------------------------------------------------------------------------
[64, 64, 64, 57, 57, 64, 64, 64, 58,  6] -> [64] 0.145, [57] 0.096, [72] 0.067
[64] 0.02799 [64] 0.01011 [64] 0.01180 [57] 0.01841 [57] 0.01256 [64] 0.03476 [64] 0.01194 [64] 0.03858 [58] 0.03294 [ 6] 0.80090 
Shortcut: [(1, tensor(2, device='cuda:0')), (2, tensor(2, device='cuda:0')), (3, tensor(7, device='cuda:0')), (4, tensor(86, device='cuda:0')), (5, tensor(86, device='cuda:0')), (6, tensor(87, device='cuda:0')), (7, tensor(7, device='cuda:0')), (8, tensor(7, device='cuda:0')), (9, tensor(6, device='cuda:0'))] -> [(9, tensor(6, device='cuda:0'))]


Analyzing [44], Perturbations [10], Index [32], Changes [[(0, tensor(64, device='cuda:0')), (1, tensor(64, device='cuda:0')), (2, tensor(64, device='cuda:0')), (3, tensor(64, device='cuda:0')), (4, tensor(4, device='cuda:0')), (5, tensor(4, device='cuda:0')), (6, tensor(64, device='cuda:0')), (7, tensor(4, device='cuda:0')), (8, tensor(4, device='cuda:0')), (9, tensor(6, device='cuda:0'))]], Needed [2]
[22, 72, 72, 42, 42, 72, 72, 42, 42, 42] -> [42] 0.454, [72] 0.210, [22] 0.106
[22] 0.05140 [72] 0.02135 [72] 0.02598 [42] 0.03808 [42] 0.02586 [72] 0.05959 [72] 0.03700 [42] 0.07630 [42] 0.09757 [42] 0.56687 
----------------------------------------------------------------------------------------------------------------------------------
[64, 64, 64, 64,  4,  4, 64,  4,  4,  6] -> [64] 0.088, [72] 0.068, [57] 0.068
[64] 0.02711 [64] 0.01059 [64] 0.01196 [64] 0.01894 [ 4] 0.01417 [ 4] 0.03753 [64] 0.01504 [ 4] 0.06727 [ 4] 0.05885 [ 6] 0.73854 
----------------------------------------------------------------------------------------------------------------------------------
[22, 72, 72, 42, 42, 72, 72, 42, 42,  6] -> [72] 0.142, [57] 0.084, [42] 0.060
[22] 0.03430 [72] 0.01343 [72] 0.01585 [42] 0.02403 [42] 0.01705 [72] 0.04291 [72] 0.02016 [42] 0.05800 [42] 0.06354 [ 6] 0.71072 
Shortcut: [(1, tensor(64, device='cuda:0')), (2, tensor(64, device='cuda:0')), (3, tensor(64, device='cuda:0')), (4, tensor(4, device='cuda:0')), (5, tensor(4, device='cuda:0')), (6, tensor(64, device='cuda:0')), (7, tensor(4, device='cuda:0')), (8, tensor(4, device='cuda:0')), (9, tensor(6, device='cuda:0'))] -> [(9, tensor(6, device='cuda:0'))]


Analyzing [45], Perturbations [10], Index [33], Changes [[(0, tensor(6, device='cuda:0')), (1, tensor(6, device='cuda:0')), (2, tensor(6, device='cuda:0')), (3, tensor(6, device='cuda:0')), (4, tensor(6, device='cuda:0')), (5, tensor(6, device='cuda:0')), (6, tensor(6, device='cuda:0')), (7, tensor(64, device='cuda:0')), (8, tensor(6, device='cuda:0')), (9, tensor(6, device='cuda:0'))]], Needed [2]
[66, 66, 66, 66, 66, 72, 72, 65, 65, 65] -> [65] 0.897, [68] 0.011, [69] 0.006
[66] 0.00941 [66] 0.00323 [66] 0.00333 [66] 0.00641 [66] 0.00452 [72] 0.01934 [72] 0.00311 [65] 0.03147 [65] 0.01825 [65] 0.90094 
----------------------------------------------------------------------------------------------------------------------------------
[ 6,  6,  6,  6,  6,  6,  6, 64,  6,  6] -> [57] 0.080, [64] 0.073, [72] 0.068
[ 6] 0.02332 [ 6] 0.00884 [ 6] 0.00989 [ 6] 0.01616 [ 6] 0.01209 [ 6] 0.03295 [ 6] 0.01179 [64] 0.06167 [ 6] 0.04628 [ 6] 0.77701 
----------------------------------------------------------------------------------------------------------------------------------
[66, 66, 66, 66, 66, 72, 72, 65, 65,  6] -> [72] 0.078, [57] 0.068, [58] 0.036
[66] 0.01444 [66] 0.00509 [66] 0.00548 [66] 0.00991 [66] 0.00731 [72] 0.02629 [72] 0.00574 [65] 0.05067 [65] 0.03189 [ 6] 0.84318 
Shortcut: [(1, tensor(6, device='cuda:0')), (2, tensor(6, device='cuda:0')), (3, tensor(6, device='cuda:0')), (4, tensor(6, device='cuda:0')), (5, tensor(6, device='cuda:0')), (6, tensor(6, device='cuda:0')), (7, tensor(64, device='cuda:0')), (8, tensor(6, device='cuda:0')), (9, tensor(6, device='cuda:0'))] -> [(9, tensor(6, device='cuda:0'))]


Analyzing [46], Perturbations [10], Index [34], Changes [[(0, tensor(64, device='cuda:0')), (1, tensor(64, device='cuda:0')), (2, tensor(72, device='cuda:0')), (3, tensor(6, device='cuda:0')), (4, tensor(6, device='cuda:0')), (5, tensor(6, device='cuda:0')), (6, tensor(6, device='cuda:0')), (7, tensor(6, device='cuda:0')), (8, tensor(6, device='cuda:0')), (9, tensor(6, device='cuda:0'))]], Needed [2]
[72, 71, 71, 72, 64, 58, 64, 64, 64, 64] -> [64] 0.788, [72] 0.051, [57] 0.020
[72] 0.07258 [71] 0.02810 [71] 0.03418 [72] 0.04910 [64] 0.03069 [58] 0.05869 [64] 0.03620 [64] 0.07401 [64] 0.06492 [64] 0.55153 
----------------------------------------------------------------------------------------------------------------------------------
[64, 64, 72,  6,  6,  6,  6,  6,  6,  6] -> [57] 0.081, [72] 0.072, [64] 0.058
[64] 0.02329 [64] 0.00906 [72] 0.01002 [ 6] 0.01666 [ 6] 0.01282 [ 6] 0.03502 [ 6] 0.01279 [ 6] 0.07476 [ 6] 0.05624 [ 6] 0.74934 
----------------------------------------------------------------------------------------------------------------------------------
[64, 71, 71, 72, 64, 58, 64, 64, 64, 64] -> [64] 0.812, [72] 0.035, [57] 0.019
[64] 0.07263 [71] 0.02813 [71] 0.03420 [72] 0.04912 [64] 0.03070 [58] 0.05868 [64] 0.03626 [64] 0.07399 [64] 0.06486 [64] 0.55143 
Shortcut: [(1, tensor(64, device='cuda:0')), (2, tensor(72, device='cuda:0')), (3, tensor(6, device='cuda:0')), (4, tensor(6, device='cuda:0')), (5, tensor(6, device='cuda:0')), (6, tensor(6, device='cuda:0')), (7, tensor(6, device='cuda:0')), (8, tensor(6, device='cuda:0')), (9, tensor(6, device='cuda:0'))] -> [(0, tensor(64, device='cuda:0'))]


Analyzing [47], Perturbations [10], Index [35], Changes [[(0, tensor(40, device='cuda:0')), (1, tensor(78, device='cuda:0')), (2, tensor(78, device='cuda:0')), (3, tensor(78, device='cuda:0')), (4, tensor(1, device='cuda:0')), (5, tensor(1, device='cuda:0')), (6, tensor(1, device='cuda:0')), (7, tensor(1, device='cuda:0')), (8, tensor(1, device='cuda:0')), (9, tensor(1, device='cuda:0'))]], Needed [2]
[26, 26, 26, 41, 26, 41, 25, 26, 25, 26] -> [26] 0.854, [27] 0.009, [25] 0.009
[26] 0.02791 [26] 0.01152 [26] 0.01219 [41] 0.02028 [26] 0.01448 [41] 0.03852 [25] 0.01786 [26] 0.07795 [25] 0.07680 [26] 0.70248 
----------------------------------------------------------------------------------------------------------------------------------
[40, 78, 78, 78,  1,  1,  1,  1,  1,  1] -> [ 1] 0.060, [15] 0.039, [17] 0.027
[40] 0.02137 [78] 0.00836 [78] 0.00863 [78] 0.01599 [ 1] 0.01135 [ 1] 0.03380 [ 1] 0.01113 [ 1] 0.06862 [ 1] 0.05473 [ 1] 0.76602 
----------------------------------------------------------------------------------------------------------------------------------
[26, 26, 26, 41, 26, 41, 25, 26, 25,  1] -> [26] 0.062, [ 1] 0.044, [15] 0.025
[26] 0.02863 [26] 0.01201 [26] 0.01252 [41] 0.02154 [26] 0.01539 [41] 0.04021 [25] 0.01764 [26] 0.07759 [25] 0.07707 [ 1] 0.69739 
Shortcut: [(1, tensor(78, device='cuda:0')), (2, tensor(78, device='cuda:0')), (3, tensor(78, device='cuda:0')), (4, tensor(1, device='cuda:0')), (5, tensor(1, device='cuda:0')), (6, tensor(1, device='cuda:0')), (7, tensor(1, device='cuda:0')), (8, tensor(1, device='cuda:0')), (9, tensor(1, device='cuda:0'))] -> [(9, tensor(1, device='cuda:0'))]


Analyzing [49], Perturbations [10], Index [36], Changes [[(0, tensor(1, device='cuda:0')), (1, tensor(1, device='cuda:0')), (2, tensor(1, device='cuda:0')), (3, tensor(1, device='cuda:0')), (4, tensor(3, device='cuda:0')), (5, tensor(1, device='cuda:0')), (6, tensor(83, device='cuda:0')), (7, tensor(3, device='cuda:0')), (8, tensor(83, device='cuda:0')), (9, tensor(1, device='cuda:0'))]], Needed [2]
[72, 72, 57, 57, 57, 57, 64, 64, 84, 84] -> [84] 0.623, [72] 0.118, [64] 0.059
[72] 0.02594 [72] 0.00918 [57] 0.00995 [57] 0.01655 [57] 0.01187 [57] 0.03444 [64] 0.01132 [64] 0.05424 [84] 0.04102 [84] 0.78548 
----------------------------------------------------------------------------------------------------------------------------------
[ 1,  1,  1,  1,  3,  1, 83,  3, 83,  1] -> [ 1] 0.052, [15] 0.030, [17] 0.027
[ 1] 0.02232 [ 1] 0.00867 [ 1] 0.00917 [ 1] 0.01673 [ 3] 0.01201 [ 1] 0.03564 [83] 0.01244 [ 3] 0.07550 [83] 0.06596 [ 1] 0.74157 
----------------------------------------------------------------------------------------------------------------------------------
[ 1, 72, 57, 57, 57, 57, 64, 64, 84, 84] -> [84] 0.627, [72] 0.106, [64] 0.059
[ 1] 0.02580 [72] 0.00912 [57] 0.00988 [57] 0.01646 [57] 0.01182 [57] 0.03434 [64] 0.01125 [64] 0.05430 [84] 0.04085 [84] 0.78617 
Shortcut: [(1, tensor(1, device='cuda:0')), (2, tensor(1, device='cuda:0')), (3, tensor(1, device='cuda:0')), (4, tensor(3, device='cuda:0')), (5, tensor(1, device='cuda:0')), (6, tensor(83, device='cuda:0')), (7, tensor(3, device='cuda:0')), (8, tensor(83, device='cuda:0')), (9, tensor(1, device='cuda:0'))] -> [(0, tensor(1, device='cuda:0'))]


Analyzing [50], Perturbations [10], Index [37], Changes [[(0, tensor(13, device='cuda:0')), (1, tensor(1, device='cuda:0')), (2, tensor(1, device='cuda:0')), (3, tensor(1, device='cuda:0')), (4, tensor(1, device='cuda:0')), (5, tensor(1, device='cuda:0')), (6, tensor(1, device='cuda:0')), (7, tensor(1, device='cuda:0')), (8, tensor(1, device='cuda:0')), (9, tensor(1, device='cuda:0'))]], Needed [2]
[58, 57, 72, 64, 64, 64, 64, 64, 64, 64] -> [64] 0.823, [72] 0.030, [57] 0.023
[58] 0.07340 [57] 0.02857 [72] 0.03479 [64] 0.04958 [64] 0.03100 [64] 0.05826 [64] 0.03698 [64] 0.07399 [64] 0.06555 [64] 0.54789 
----------------------------------------------------------------------------------------------------------------------------------
[13,  1,  1,  1,  1,  1,  1,  1,  1,  1] -> [ 1] 0.065, [15] 0.040, [17] 0.028
[13] 0.02255 [ 1] 0.00897 [ 1] 0.00926 [ 1] 0.01707 [ 1] 0.01207 [ 1] 0.03498 [ 1] 0.01223 [ 1] 0.06939 [ 1] 0.05827 [ 1] 0.75521 
----------------------------------------------------------------------------------------------------------------------------------
[58, 57, 72, 64, 64, 64, 64, 64, 64,  1] -> [64] 0.072, [ 1] 0.042, [72] 0.033
[58] 0.02786 [57] 0.01018 [72] 0.01150 [64] 0.01817 [64] 0.01187 [64] 0.03066 [64] 0.01164 [64] 0.03492 [64] 0.03167 [ 1] 0.81153 
Shortcut: [(1, tensor(1, device='cuda:0')), (2, tensor(1, device='cuda:0')), (3, tensor(1, device='cuda:0')), (4, tensor(1, device='cuda:0')), (5, tensor(1, device='cuda:0')), (6, tensor(1, device='cuda:0')), (7, tensor(1, device='cuda:0')), (8, tensor(1, device='cuda:0')), (9, tensor(1, device='cuda:0'))] -> [(9, tensor(1, device='cuda:0'))]


Analyzing [51], Perturbations [10], Index [38], Changes [[(0, tensor(58, device='cuda:0')), (1, tensor(57, device='cuda:0')), (2, tensor(22, device='cuda:0')), (3, tensor(22, device='cuda:0')), (4, tensor(22, device='cuda:0')), (5, tensor(22, device='cuda:0')), (6, tensor(1, device='cuda:0')), (7, tensor(48, device='cuda:0')), (8, tensor(1, device='cuda:0')), (9, tensor(1, device='cuda:0'))]], Needed [2]
[25, 27, 25, 27, 41, 26, 26, 26, 26, 26] -> [26] 0.883, [27] 0.008, [25] 0.007
[25] 0.02669 [27] 0.01092 [25] 0.01155 [27] 0.01922 [41] 0.01400 [26] 0.03631 [26] 0.01754 [26] 0.07944 [26] 0.07402 [26] 0.71032 
----------------------------------------------------------------------------------------------------------------------------------
[58, 57, 22, 22, 22, 22,  1, 48,  1,  1] -> [ 1] 0.044, [72] 0.038, [15] 0.030
[58] 0.03098 [57] 0.01319 [22] 0.01378 [22] 0.02346 [22] 0.01673 [22] 0.04108 [ 1] 0.02046 [48] 0.07384 [ 1] 0.07566 [ 1] 0.69081 
----------------------------------------------------------------------------------------------------------------------------------
[25, 27, 25, 27, 41, 26, 26, 26, 26,  1] -> [26] 0.080, [ 1] 0.044, [15] 0.025
[25] 0.02736 [27] 0.01137 [25] 0.01186 [27] 0.02039 [41] 0.01486 [26] 0.03786 [26] 0.01732 [26] 0.07897 [26] 0.07400 [ 1] 0.70601 
Shortcut: [(1, tensor(57, device='cuda:0')), (2, tensor(22, device='cuda:0')), (3, tensor(22, device='cuda:0')), (4, tensor(22, device='cuda:0')), (5, tensor(22, device='cuda:0')), (6, tensor(1, device='cuda:0')), (7, tensor(48, device='cuda:0')), (8, tensor(1, device='cuda:0')), (9, tensor(1, device='cuda:0'))] -> [(9, tensor(1, device='cuda:0'))]


Analyzing [52], Perturbations [10], Index [39], Changes [[(0, tensor(22, device='cuda:0')), (1, tensor(72, device='cuda:0')), (2, tensor(4, device='cuda:0')), (3, tensor(4, device='cuda:0')), (4, tensor(4, device='cuda:0')), (5, tensor(4, device='cuda:0')), (6, tensor(22, device='cuda:0')), (7, tensor(22, device='cuda:0')), (8, tensor(4, device='cuda:0')), (9, tensor(4, device='cuda:0'))]], Needed [2]
[10, 10, 10, 10, 10, 10,  2,  2,  2,  2] -> [ 2] 0.865, [ 0] 0.013, [72] 0.011
[10] 0.01180 [10] 0.00391 [10] 0.00438 [10] 0.00774 [10] 0.00586 [10] 0.02196 [ 2] 0.00492 [ 2] 0.04120 [ 2] 0.02897 [ 2] 0.86926 
----------------------------------------------------------------------------------------------------------------------------------
[22, 72,  4,  4,  4,  4, 22, 22,  4,  4] -> [72] 0.100, [64] 0.048, [57] 0.038
[22] 0.03613 [72] 0.01567 [ 4] 0.01765 [ 4] 0.02661 [ 4] 0.02003 [ 4] 0.04599 [22] 0.02697 [22] 0.08653 [ 4] 0.09750 [ 4] 0.62693 
----------------------------------------------------------------------------------------------------------------------------------
[10, 10, 10, 10, 10, 10,  2,  2,  2,  4] -> [72] 0.059, [ 2] 0.057, [86] 0.038
[10] 0.02043 [10] 0.00768 [10] 0.00842 [10] 0.01424 [10] 0.01094 [10] 0.03408 [ 2] 0.01056 [ 2] 0.07226 [ 2] 0.05629 [ 4] 0.76510 
Shortcut: [(1, tensor(72, device='cuda:0')), (2, tensor(4, device='cuda:0')), (3, tensor(4, device='cuda:0')), (4, tensor(4, device='cuda:0')), (5, tensor(4, device='cuda:0')), (6, tensor(22, device='cuda:0')), (7, tensor(22, device='cuda:0')), (8, tensor(4, device='cuda:0')), (9, tensor(4, device='cuda:0'))] -> [(9, tensor(4, device='cuda:0'))]


Analyzing [53], Perturbations [10], Index [40], Changes [[(0, tensor(2, device='cuda:0')), (1, tensor(2, device='cuda:0')), (2, tensor(2, device='cuda:0')), (3, tensor(2, device='cuda:0')), (4, tensor(2, device='cuda:0')), (5, tensor(0, device='cuda:0')), (6, tensor(0, device='cuda:0')), (7, tensor(2, device='cuda:0')), (8, tensor(4, device='cuda:0')), (9, tensor(4, device='cuda:0'))]], Needed [2]
[72, 72, 72, 72, 57, 58, 57, 57, 57, 58] -> [58] 0.412, [57] 0.328, [64] 0.076
[72] 0.05725 [72] 0.02320 [72] 0.02766 [72] 0.04534 [57] 0.02982 [58] 0.07582 [57] 0.03585 [57] 0.09489 [57] 0.09912 [58] 0.51104 
----------------------------------------------------------------------------------------------------------------------------------
[ 2,  2,  2,  2,  2,  0,  0,  2,  4,  4] -> [72] 0.067, [ 2] 0.047, [64] 0.036
[ 2] 0.02193 [ 2] 0.00843 [ 2] 0.00920 [ 2] 0.01538 [ 2] 0.01191 [ 0] 0.03583 [ 0] 0.01141 [ 2] 0.07802 [ 4] 0.06115 [ 4] 0.74675 
----------------------------------------------------------------------------------------------------------------------------------
[ 2, 72, 72, 72, 57, 58, 57, 57, 57, 58] -> [58] 0.421, [57] 0.324, [64] 0.073
[ 2] 0.05663 [72] 0.02289 [72] 0.02727 [72] 0.04483 [57] 0.02950 [58] 0.07552 [57] 0.03524 [57] 0.09526 [57] 0.09851 [58] 0.51436 
Shortcut: [(1, tensor(2, device='cuda:0')), (2, tensor(2, device='cuda:0')), (3, tensor(2, device='cuda:0')), (4, tensor(2, device='cuda:0')), (5, tensor(0, device='cuda:0')), (6, tensor(0, device='cuda:0')), (7, tensor(2, device='cuda:0')), (8, tensor(4, device='cuda:0')), (9, tensor(4, device='cuda:0'))] -> [(0, tensor(2, device='cuda:0'))]


Analyzing [55], Perturbations [10], Index [41], Changes [[(0, tensor(0, device='cuda:0')), (1, tensor(0, device='cuda:0')), (2, tensor(0, device='cuda:0')), (3, tensor(0, device='cuda:0')), (4, tensor(0, device='cuda:0')), (5, tensor(0, device='cuda:0')), (6, tensor(0, device='cuda:0')), (7, tensor(0, device='cuda:0')), (8, tensor(0, device='cuda:0')), (9, tensor(0, device='cuda:0'))]], Needed [2]
[71, 71, 64, 64, 71, 71, 72, 72, 64, 64] -> [64] 0.736, [72] 0.063, [71] 0.038
[71] 0.07924 [71] 0.03225 [64] 0.03893 [64] 0.05507 [71] 0.03478 [71] 0.06217 [72] 0.04439 [72] 0.08299 [64] 0.08327 [64] 0.48690 
----------------------------------------------------------------------------------------------------------------------------------
[ 0,  0,  0,  0,  0,  0,  0,  0,  0,  0] -> [ 0] 0.846, [72] 0.015, [15] 0.014
[ 0] 0.01763 [ 0] 0.00672 [ 0] 0.00689 [ 0] 0.01196 [ 0] 0.00941 [ 0] 0.02955 [ 0] 0.00899 [ 0] 0.07102 [ 0] 0.05223 [ 0] 0.78560 
----------------------------------------------------------------------------------------------------------------------------------
[71, 71, 64, 64, 71, 71, 72, 72, 64,  0] -> [ 0] 0.667, [72] 0.040, [15] 0.022
[71] 0.02628 [71] 0.00972 [64] 0.01091 [64] 0.01660 [71] 0.01136 [71] 0.03008 [72] 0.01166 [72] 0.03749 [64] 0.03609 [ 0] 0.80981 
Shortcut: [(1, tensor(0, device='cuda:0')), (2, tensor(0, device='cuda:0')), (3, tensor(0, device='cuda:0')), (4, tensor(0, device='cuda:0')), (5, tensor(0, device='cuda:0')), (6, tensor(0, device='cuda:0')), (7, tensor(0, device='cuda:0')), (8, tensor(0, device='cuda:0')), (9, tensor(0, device='cuda:0'))] -> [(9, tensor(0, device='cuda:0'))]


Analyzing [56], Perturbations [10], Index [42], Changes [[(0, tensor(89, device='cuda:0')), (1, tensor(89, device='cuda:0')), (2, tensor(89, device='cuda:0')), (3, tensor(89, device='cuda:0')), (4, tensor(89, device='cuda:0')), (5, tensor(89, device='cuda:0')), (6, tensor(1, device='cuda:0')), (7, tensor(57, device='cuda:0')), (8, tensor(57, device='cuda:0')), (9, tensor(1, device='cuda:0'))]], Needed [2]
[ 2, 72, 72, 72, 72,  2,  2,  2,  2,  2] -> [ 2] 0.871, [72] 0.013, [ 0] 0.012
[ 2] 0.01114 [72] 0.00356 [72] 0.00403 [72] 0.00710 [72] 0.00535 [ 2] 0.02075 [ 2] 0.00423 [ 2] 0.03558 [ 2] 0.02578 [ 2] 0.88249 
----------------------------------------------------------------------------------------------------------------------------------
[89, 89, 89, 89, 89, 89,  1, 57, 57,  1] -> [57] 0.041, [64] 0.039, [ 1] 0.037
[89] 0.02457 [89] 0.00951 [89] 0.01024 [89] 0.01865 [89] 0.01319 [89] 0.03877 [ 1] 0.01386 [57] 0.07370 [57] 0.06547 [ 1] 0.73203 
----------------------------------------------------------------------------------------------------------------------------------
[ 2, 72, 72, 72, 72,  2,  2,  2,  2,  1] -> [ 1] 0.049, [ 2] 0.046, [15] 0.040
[ 2] 0.01794 [72] 0.00642 [72] 0.00692 [72] 0.01245 [72] 0.00917 [ 2] 0.03012 [ 2] 0.00817 [ 2] 0.05720 [ 2] 0.04570 [ 1] 0.80590 
Shortcut: [(1, tensor(89, device='cuda:0')), (2, tensor(89, device='cuda:0')), (3, tensor(89, device='cuda:0')), (4, tensor(89, device='cuda:0')), (5, tensor(89, device='cuda:0')), (6, tensor(1, device='cuda:0')), (7, tensor(57, device='cuda:0')), (8, tensor(57, device='cuda:0')), (9, tensor(1, device='cuda:0'))] -> [(9, tensor(1, device='cuda:0'))]


Analyzing [57], Perturbations [10], Index [43], Changes [[(0, tensor(1, device='cuda:0')), (1, tensor(1, device='cuda:0')), (2, tensor(57, device='cuda:0')), (3, tensor(57, device='cuda:0')), (4, tensor(57, device='cuda:0')), (5, tensor(57, device='cuda:0')), (6, tensor(3, device='cuda:0')), (7, tensor(1, device='cuda:0')), (8, tensor(4, device='cuda:0')), (9, tensor(1, device='cuda:0'))]], Needed [2]
[ 2,  2,  2, 87, 86, 86, 87, 66, 66, 87] -> [86] 0.641, [66] 0.175, [87] 0.103
[ 2] 0.01359 [ 2] 0.00555 [ 2] 0.00579 [87] 0.01100 [86] 0.00824 [86] 0.03041 [87] 0.00750 [66] 0.04896 [66] 0.07708 [87] 0.79186 
----------------------------------------------------------------------------------------------------------------------------------
[ 1,  1, 57, 57, 57, 57,  3,  1,  4,  1] -> [ 1] 0.051, [15] 0.036, [72] 0.026
[ 1] 0.02414 [ 1] 0.00948 [57] 0.01018 [57] 0.01783 [57] 0.01277 [57] 0.03639 [ 3] 0.01305 [ 1] 0.06551 [ 4] 0.05826 [ 1] 0.75240 
----------------------------------------------------------------------------------------------------------------------------------
[ 2,  2,  2, 87, 86, 86, 87, 66, 66,  1] -> [86] 0.044, [ 1] 0.044, [15] 0.031
[ 2] 0.01730 [ 2] 0.00656 [ 2] 0.00670 [87] 0.01286 [86] 0.00932 [86] 0.03227 [87] 0.00818 [66] 0.06604 [66] 0.04441 [ 1] 0.79636 
Shortcut: [(1, tensor(1, device='cuda:0')), (2, tensor(57, device='cuda:0')), (3, tensor(57, device='cuda:0')), (4, tensor(57, device='cuda:0')), (5, tensor(57, device='cuda:0')), (6, tensor(3, device='cuda:0')), (7, tensor(1, device='cuda:0')), (8, tensor(4, device='cuda:0')), (9, tensor(1, device='cuda:0'))] -> [(9, tensor(1, device='cuda:0'))]


Analyzing [59], Perturbations [9], Index [44], Changes [[(1, tensor(1, device='cuda:0')), (2, tensor(1, device='cuda:0')), (3, tensor(1, device='cuda:0')), (4, tensor(1, device='cuda:0')), (5, tensor(1, device='cuda:0')), (6, tensor(1, device='cuda:0')), (7, tensor(1, device='cuda:0')), (8, tensor(1, device='cuda:0')), (9, tensor(1, device='cuda:0'))]], Needed [2]
[64, 64, 64, 64, 71, 71, 64, 71, 71, 71] -> [71] 0.789, [64] 0.099, [72] 0.030
[64] 0.03480 [64] 0.01560 [64] 0.01646 [64] 0.02677 [71] 0.01889 [71] 0.04083 [64] 0.02729 [71] 0.10293 [71] 0.09484 [71] 0.62159 
----------------------------------------------------------------------------------------------------------------------------------
[64,  1,  1,  1,  1,  1,  1,  1,  1,  1] -> [ 1] 0.064, [15] 0.041, [17] 0.026
[64] 0.02253 [ 1] 0.00896 [ 1] 0.00925 [ 1] 0.01704 [ 1] 0.01205 [ 1] 0.03493 [ 1] 0.01220 [ 1] 0.06928 [ 1] 0.05821 [ 1] 0.75555 
----------------------------------------------------------------------------------------------------------------------------------
[64, 64, 64, 64, 71, 71, 64, 71, 71,  1] -> [64] 0.095, [71] 0.080, [72] 0.042
[64] 0.03203 [64] 0.01393 [64] 0.01454 [64] 0.02426 [71] 0.01716 [71] 0.03952 [64] 0.02163 [71] 0.08277 [71] 0.07755 [ 1] 0.67660 
Shortcut: [(2, tensor(1, device='cuda:0')), (3, tensor(1, device='cuda:0')), (4, tensor(1, device='cuda:0')), (5, tensor(1, device='cuda:0')), (6, tensor(1, device='cuda:0')), (7, tensor(1, device='cuda:0')), (8, tensor(1, device='cuda:0')), (9, tensor(1, device='cuda:0'))] -> [(9, tensor(1, device='cuda:0'))]


Analyzing [60], Perturbations [10], Index [45], Changes [[(0, tensor(64, device='cuda:0')), (1, tensor(0, device='cuda:0')), (2, tensor(0, device='cuda:0')), (3, tensor(0, device='cuda:0')), (4, tensor(0, device='cuda:0')), (5, tensor(0, device='cuda:0')), (6, tensor(0, device='cuda:0')), (7, tensor(0, device='cuda:0')), (8, tensor(0, device='cuda:0')), (9, tensor(0, device='cuda:0'))]], Needed [2]
[71, 71, 71, 71, 71, 71, 71, 64, 71, 71] -> [71] 0.817, [64] 0.080, [72] 0.029
[71] 0.03621 [71] 0.01626 [71] 0.01723 [71] 0.02763 [71] 0.01935 [71] 0.04085 [71] 0.02789 [64] 0.09532 [71] 0.08802 [71] 0.63123 
----------------------------------------------------------------------------------------------------------------------------------
[64,  0,  0,  0,  0,  0,  0,  0,  0,  0] -> [ 0] 0.832, [72] 0.017, [15] 0.015
[64] 0.01777 [ 0] 0.00679 [ 0] 0.00695 [ 0] 0.01205 [ 0] 0.00947 [ 0] 0.02965 [ 0] 0.00909 [ 0] 0.07093 [ 0] 0.05243 [ 0] 0.78485 
----------------------------------------------------------------------------------------------------------------------------------
[71, 71, 71, 71, 71, 71, 71, 64, 71,  0] -> [ 0] 0.526, [72] 0.053, [15] 0.027
[71] 0.02791 [71] 0.01181 [71] 0.01237 [71] 0.01978 [71] 0.01436 [71] 0.03481 [71] 0.01765 [64] 0.06980 [71] 0.06186 [ 0] 0.72964 
Shortcut: [(1, tensor(0, device='cuda:0')), (2, tensor(0, device='cuda:0')), (3, tensor(0, device='cuda:0')), (4, tensor(0, device='cuda:0')), (5, tensor(0, device='cuda:0')), (6, tensor(0, device='cuda:0')), (7, tensor(0, device='cuda:0')), (8, tensor(0, device='cuda:0')), (9, tensor(0, device='cuda:0'))] -> [(9, tensor(0, device='cuda:0'))]


Analyzing [61], Perturbations [10], Index [46], Changes [[(0, tensor(83, device='cuda:0')), (1, tensor(40, device='cuda:0')), (2, tensor(40, device='cuda:0')), (3, tensor(40, device='cuda:0')), (4, tensor(40, device='cuda:0')), (5, tensor(84, device='cuda:0')), (6, tensor(72, device='cuda:0')), (7, tensor(0, device='cuda:0')), (8, tensor(0, device='cuda:0')), (9, tensor(0, device='cuda:0'))]], Needed [2]
[64, 64, 72, 71, 71, 71, 71, 71, 71, 71] -> [71] 0.846, [64] 0.058, [72] 0.028
[64] 0.03623 [64] 0.01704 [72] 0.01767 [71] 0.02909 [71] 0.02080 [71] 0.04284 [71] 0.03199 [71] 0.12321 [71] 0.11431 [71] 0.56682 
----------------------------------------------------------------------------------------------------------------------------------
[83, 40, 40, 40, 40, 84, 72,  0,  0,  0] -> [ 0] 0.786, [72] 0.022, [15] 0.017
[83] 0.01817 [40] 0.00679 [40] 0.00711 [40] 0.01206 [40] 0.00925 [84] 0.02905 [72] 0.00886 [ 0] 0.05883 [ 0] 0.04705 [ 0] 0.80283 
----------------------------------------------------------------------------------------------------------------------------------
[64, 64, 72, 71, 71, 71, 71, 71, 71,  0] -> [ 0] 0.419, [72] 0.072, [71] 0.052
[64] 0.02888 [64] 0.01281 [72] 0.01313 [71] 0.02152 [71] 0.01597 [71] 0.03769 [71] 0.02095 [71] 0.09338 [71] 0.08309 [ 0] 0.67258 
Shortcut: [(1, tensor(40, device='cuda:0')), (2, tensor(40, device='cuda:0')), (3, tensor(40, device='cuda:0')), (4, tensor(40, device='cuda:0')), (5, tensor(84, device='cuda:0')), (6, tensor(72, device='cuda:0')), (7, tensor(0, device='cuda:0')), (8, tensor(0, device='cuda:0')), (9, tensor(0, device='cuda:0'))] -> [(9, tensor(0, device='cuda:0'))]


Analyzing [62], Perturbations [10], Index [47], Changes [[(0, tensor(66, device='cuda:0')), (1, tensor(6, device='cuda:0')), (2, tensor(11, device='cuda:0')), (3, tensor(86, device='cuda:0')), (4, tensor(7, device='cuda:0')), (5, tensor(6, device='cuda:0')), (6, tensor(86, device='cuda:0')), (7, tensor(86, device='cuda:0')), (8, tensor(6, device='cuda:0')), (9, tensor(6, device='cuda:0'))]], Needed [2]
[40, 78, 78, 78, 78, 72, 72, 72, 72, 72] -> [72] 0.753, [64] 0.024, [44] 0.021
[40] 0.07174 [78] 0.02727 [78] 0.03259 [78] 0.04561 [78] 0.02907 [72] 0.06126 [72] 0.03150 [72] 0.06734 [72] 0.08490 [72] 0.54872 
----------------------------------------------------------------------------------------------------------------------------------
[66,  6, 11, 86,  7,  6, 86, 86,  6,  6] -> [72] 0.059, [57] 0.053, [87] 0.040
[66] 0.02508 [ 6] 0.01020 [11] 0.01106 [86] 0.01921 [ 7] 0.01469 [ 6] 0.04051 [86] 0.01515 [86] 0.08308 [ 6] 0.08993 [ 6] 0.69109 
----------------------------------------------------------------------------------------------------------------------------------
[40, 78, 78, 78, 78, 72, 72, 72, 72,  6] -> [72] 0.137, [57] 0.076, [64] 0.048
[40] 0.02753 [78] 0.00962 [78] 0.01127 [78] 0.01717 [78] 0.01181 [72] 0.03256 [72] 0.01079 [72] 0.03860 [72] 0.03814 [ 6] 0.80250 
Shortcut: [(1, tensor(6, device='cuda:0')), (2, tensor(11, device='cuda:0')), (3, tensor(86, device='cuda:0')), (4, tensor(7, device='cuda:0')), (5, tensor(6, device='cuda:0')), (6, tensor(86, device='cuda:0')), (7, tensor(86, device='cuda:0')), (8, tensor(6, device='cuda:0')), (9, tensor(6, device='cuda:0'))] -> [(9, tensor(6, device='cuda:0'))]


Analyzing [66], Perturbations [10], Index [48], Changes [[(0, tensor(26, device='cuda:0')), (1, tensor(26, device='cuda:0')), (2, tensor(26, device='cuda:0')), (3, tensor(26, device='cuda:0')), (4, tensor(26, device='cuda:0')), (5, tensor(26, device='cuda:0')), (6, tensor(26, device='cuda:0')), (7, tensor(1, device='cuda:0')), (8, tensor(64, device='cuda:0')), (9, tensor(1, device='cuda:0'))]], Needed [2]
[65, 65, 65, 65, 65, 42, 42, 42, 42,  2] -> [ 2] 0.755, [72] 0.024, [ 0] 0.016
[65] 0.01776 [65] 0.00628 [65] 0.00739 [65] 0.01213 [65] 0.00863 [42] 0.02850 [42] 0.00857 [42] 0.04002 [42] 0.03534 [ 2] 0.83539 
----------------------------------------------------------------------------------------------------------------------------------
[26, 26, 26, 26, 26, 26, 26,  1, 64,  1] -> [ 1] 0.048, [26] 0.046, [15] 0.029
[26] 0.03174 [26] 0.01294 [26] 0.01388 [26] 0.02321 [26] 0.01601 [26] 0.03896 [26] 0.01772 [ 1] 0.06344 [64] 0.05819 [ 1] 0.72390 
----------------------------------------------------------------------------------------------------------------------------------
[65, 65, 65, 65, 65, 42, 42, 42, 42,  1] -> [ 1] 0.041, [72] 0.038, [15] 0.032
[65] 0.02747 [65] 0.01086 [65] 0.01216 [65] 0.02043 [65] 0.01417 [42] 0.03974 [42] 0.01578 [42] 0.06163 [42] 0.05981 [ 1] 0.73795 
Shortcut: [(1, tensor(26, device='cuda:0')), (2, tensor(26, device='cuda:0')), (3, tensor(26, device='cuda:0')), (4, tensor(26, device='cuda:0')), (5, tensor(26, device='cuda:0')), (6, tensor(26, device='cuda:0')), (7, tensor(1, device='cuda:0')), (8, tensor(64, device='cuda:0')), (9, tensor(1, device='cuda:0'))] -> [(9, tensor(1, device='cuda:0'))]


Analyzing [67], Perturbations [10], Index [49], Changes [[(0, tensor(66, device='cuda:0')), (1, tensor(66, device='cuda:0')), (2, tensor(66, device='cuda:0')), (3, tensor(66, device='cuda:0')), (4, tensor(4, device='cuda:0')), (5, tensor(66, device='cuda:0')), (6, tensor(0, device='cuda:0')), (7, tensor(87, device='cuda:0')), (8, tensor(4, device='cuda:0')), (9, tensor(4, device='cuda:0'))]], Needed [2]
[89, 89, 89, 89, 40, 40, 83, 40, 83, 40] -> [40] 0.813, [23] 0.057, [83] 0.016
[89] 0.02154 [89] 0.00807 [89] 0.00877 [89] 0.01564 [40] 0.01165 [40] 0.03479 [83] 0.01217 [40] 0.08115 [83] 0.07317 [40] 0.73305 
----------------------------------------------------------------------------------------------------------------------------------
[66, 66, 66, 66,  4, 66,  0, 87,  4,  4] -> [86] 0.087, [72] 0.062, [66] 0.047
[66] 0.02270 [66] 0.00924 [66] 0.01001 [66] 0.01705 [ 4] 0.01323 [66] 0.03956 [ 0] 0.01314 [87] 0.09053 [ 4] 0.08333 [ 4] 0.70119 
----------------------------------------------------------------------------------------------------------------------------------
[89, 89, 89, 89, 40, 40, 83, 40, 83,  4] -> [72] 0.083, [64] 0.048, [40] 0.036
[89] 0.02555 [89] 0.01023 [89] 0.01113 [89] 0.01886 [40] 0.01426 [40] 0.04020 [83] 0.01554 [40] 0.09256 [83] 0.08291 [ 4] 0.68876 
Shortcut: [(1, tensor(66, device='cuda:0')), (2, tensor(66, device='cuda:0')), (3, tensor(66, device='cuda:0')), (4, tensor(4, device='cuda:0')), (5, tensor(66, device='cuda:0')), (6, tensor(0, device='cuda:0')), (7, tensor(87, device='cuda:0')), (8, tensor(4, device='cuda:0')), (9, tensor(4, device='cuda:0'))] -> [(9, tensor(4, device='cuda:0'))]


same=0 shortcuts=50 skipped=0