Analyzing [0], Perturbations [6], Index [0], Changes [6], Needed [1]
[84, 82, 82, 82, 82, 72, 72, 72, 72, 72] -> [72] 0.738, [64] 0.029, [84] 0.021
[84] 0.07330 [82] 0.02832 [82] 0.03379 [82] 0.04724 [82] 0.03002 [72] 0.06199 [72] 0.03352 [72] 0.06688 [72] 0.08884 [72] 0.53611 
----------------------------------------------------------------------------------------------------------------------------------
[ 1, 82, 82, 82, 82,  1,  1,  1,  1,  1] -> [ 1] 0.063, [15] 0.040, [17] 0.027
[ 1] 0.02171 [82] 0.00856 [82] 0.00883 [82] 0.01631 [82] 0.01157 [ 1] 0.03414 [ 1] 0.01152 [ 1] 0.06831 [ 1] 0.05581 [ 1] 0.76324 
----------------------------------------------------------------------------------------------------------------------------------
[84, 82, 82, 82, 82, 72, 72, 72, 72,  1] -> [72] 0.055, [ 1] 0.042, [15] 0.034
[84] 0.02701 [82] 0.00964 [82] 0.01093 [82] 0.01736 [82] 0.01142 [72] 0.03176 [72] 0.01061 [72] 0.03463 [72] 0.03811 [ 1] 0.80852 
Shortcut: [(0, 1), (5, 1), (6, 1), (7, 1), (8, 1), (9, 1)] -> [(9, 1)]


Analyzing [1], Perturbations [7], Index [1], Changes [7], Needed [1]
[58, 72, 72, 72, 72, 72, 72, 64, 64, 72] -> [72] 0.690, [64] 0.104, [57] 0.024
[58] 0.07584 [72] 0.02961 [72] 0.03558 [72] 0.04949 [72] 0.03115 [72] 0.06084 [72] 0.03617 [64] 0.06677 [64] 0.07958 [72] 0.53498 
----------------------------------------------------------------------------------------------------------------------------------
[58,  1,  1,  1,  1,  1,  1, 64, 64,  1] -> [ 1] 0.052, [64] 0.043, [15] 0.035
[58] 0.02653 [ 1] 0.00998 [ 1] 0.01095 [ 1] 0.01844 [ 1] 0.01227 [ 1] 0.03292 [ 1] 0.01206 [64] 0.04727 [64] 0.03924 [ 1] 0.79036 
----------------------------------------------------------------------------------------------------------------------------------
[58, 72, 72, 72, 72, 72, 72, 64, 64,  1] -> [72] 0.051, [64] 0.048, [ 1] 0.041
[58] 0.02835 [72] 0.01024 [72] 0.01169 [72] 0.01849 [72] 0.01204 [72] 0.03159 [72] 0.01165 [64] 0.03515 [64] 0.03473 [ 1] 0.80606 
Shortcut: [(1, 1), (2, 1), (3, 1), (4, 1), (5, 1), (6, 1), (9, 1)] -> [(9, 1)]


Analyzing [2], Perturbations [7], Index [2], Changes [7], Needed [1]
[44, 72, 72, 72, 72, 44, 72, 44, 72, 72] -> [72] 0.783, [44] 0.050, [64] 0.017
[44] 0.07356 [72] 0.02926 [72] 0.03408 [72] 0.04854 [72] 0.03182 [44] 0.06425 [72] 0.03673 [44] 0.08291 [72] 0.10049 [72] 0.49836 
----------------------------------------------------------------------------------------------------------------------------------
[44,  0,  0,  0,  0, 44,  0, 44,  0,  0] -> [ 0] 0.774, [72] 0.026, [15] 0.018
[44] 0.01783 [ 0] 0.00666 [ 0] 0.00688 [ 0] 0.01186 [ 0] 0.00920 [44] 0.02898 [ 0] 0.00865 [44] 0.06638 [ 0] 0.04701 [ 0] 0.79655 
----------------------------------------------------------------------------------------------------------------------------------
[44, 72, 72, 72, 72, 44, 72, 44, 72,  0] -> [ 0] 0.702, [72] 0.045, [44] 0.020
[44] 0.02343 [72] 0.00836 [72] 0.00925 [72] 0.01453 [72] 0.01023 [44] 0.02984 [72] 0.00964 [44] 0.04076 [72] 0.03834 [ 0] 0.81562 
Shortcut: [(1, 0), (2, 0), (3, 0), (4, 0), (6, 0), (8, 0), (9, 0)] -> [(9, 0)]


Analyzing [3], Perturbations [8], Index [3], Changes [8], Needed [1]
[89, 89, 89, 89, 89, 89, 24, 72, 72, 72] -> [72] 0.682, [64] 0.056, [57] 0.028
[89] 0.07107 [89] 0.02901 [89] 0.03341 [89] 0.04849 [89] 0.03160 [89] 0.06294 [24] 0.03756 [72] 0.08700 [72] 0.10644 [72] 0.49248 
----------------------------------------------------------------------------------------------------------------------------------
[89,  1,  1,  1,  1,  1, 24,  1,  1,  1] -> [ 1] 0.063, [15] 0.039, [17] 0.026
[89] 0.02448 [ 1] 0.00995 [ 1] 0.01029 [ 1] 0.01863 [ 1] 0.01313 [ 1] 0.03628 [24] 0.01404 [ 1] 0.07113 [ 1] 0.06250 [ 1] 0.73958 
----------------------------------------------------------------------------------------------------------------------------------
[89, 89, 89, 89, 89, 89, 24, 72, 72,  1] -> [72] 0.055, [ 1] 0.039, [64] 0.032
[89] 0.02766 [89] 0.01044 [89] 0.01142 [89] 0.01881 [89] 0.01269 [89] 0.03398 [24] 0.01255 [72] 0.04739 [72] 0.04819 [ 1] 0.77688 
Shortcut: [(1, 1), (2, 1), (3, 1), (4, 1), (5, 1), (7, 1), (8, 1), (9, 1)] -> [(9, 1)]


Analyzing [6], Perturbations [10], Index [4], Changes [10], Needed [1]
[42, 42, 72, 42, 57, 57, 57, 57, 72, 57] -> [57] 0.445, [58] 0.321, [64] 0.057
[42] 0.04211 [42] 0.01607 [72] 0.01910 [42] 0.03063 [57] 0.02034 [57] 0.05225 [57] 0.02462 [57] 0.06266 [72] 0.07782 [57] 0.65439 
----------------------------------------------------------------------------------------------------------------------------------
[ 0, 64,  2, 64, 64, 64,  2,  2,  2,  2] -> [ 2] 0.851, [72] 0.013, [ 0] 0.013
[ 0] 0.01133 [64] 0.00363 [ 2] 0.00412 [64] 0.00713 [64] 0.00534 [64] 0.02028 [ 2] 0.00430 [ 2] 0.03313 [ 2] 0.02390 [ 2] 0.88684 
----------------------------------------------------------------------------------------------------------------------------------
[ 0, 42, 72, 42, 57, 57, 57, 57, 72, 57] -> [57] 0.433, [58] 0.331, [64] 0.058
[ 0] 0.04165 [42] 0.01585 [72] 0.01884 [42] 0.03028 [57] 0.02013 [57] 0.05200 [57] 0.02420 [57] 0.06287 [72] 0.07747 [57] 0.65672 
Shortcut: [(0, 0), (1, 64), (2, 2), (3, 64), (4, 64), (5, 64), (6, 2), (7, 2), (8, 2), (9, 2)] -> [(0, 0)]


Analyzing [7], Perturbations [10], Index [5], Changes [10], Needed [1]
[21, 24, 24, 20, 21, 20, 21, 24, 24, 44] -> [72] 0.234, [44] 0.093, [24] 0.073
[21] 0.04705 [24] 0.02151 [24] 0.02286 [20] 0.03567 [21] 0.02545 [20] 0.05125 [21] 0.03949 [24] 0.13109 [24] 0.11786 [44] 0.50778 
----------------------------------------------------------------------------------------------------------------------------------
[ 0,  0, 72, 72,  0,  0,  0,  0,  0,  0] -> [ 0] 0.834, [72] 0.017, [15] 0.015
[ 0] 0.01815 [ 0] 0.00692 [72] 0.00713 [72] 0.01227 [ 0] 0.00960 [ 0] 0.02989 [ 0] 0.00928 [ 0] 0.06929 [ 0] 0.05278 [ 0] 0.78469 
----------------------------------------------------------------------------------------------------------------------------------
[ 0, 24, 24, 20, 21, 20, 21, 24, 24, 44] -> [72] 0.240, [44] 0.110, [20] 0.056
[ 0] 0.04662 [24] 0.02125 [24] 0.02259 [20] 0.03535 [21] 0.02522 [20] 0.05109 [21] 0.03888 [24] 0.13138 [24] 0.11747 [44] 0.51016 
Shortcut: [(0, 0), (1, 0), (2, 72), (3, 72), (4, 0), (5, 0), (6, 0), (7, 0), (8, 0), (9, 0)] -> [(0, 0)]


same=0 shortcuts=6 skipped=0