Analyzing [0], Perturbations [6], Index [0], Changes [[(0, tensor(1, device='cuda:0')), (5, tensor(1, device='cuda:0')), (6, tensor(1, device='cuda:0')), (7, tensor(1, device='cuda:0')), (8, tensor(1, device='cuda:0')), (9, tensor(1, device='cuda:0'))]], Needed [2]
[84, 82, 82, 82, 82, 72, 72, 72, 72, 72] -> [72] 0.738, [64] 0.029, [84] 0.021
[84] 0.07330 [82] 0.02832 [82] 0.03379 [82] 0.04724 [82] 0.03002 [72] 0.06199 [72] 0.03352 [72] 0.06688 [72] 0.08884 [72] 0.53611 
----------------------------------------------------------------------------------------------------------------------------------
[ 1, 82, 82, 82, 82,  1,  1,  1,  1,  1] -> [ 1] 0.063, [15] 0.040, [17] 0.027
[ 1] 0.02171 [82] 0.00856 [82] 0.00883 [82] 0.01631 [82] 0.01157 [ 1] 0.03414 [ 1] 0.01152 [ 1] 0.06831 [ 1] 0.05581 [ 1] 0.76324 
----------------------------------------------------------------------------------------------------------------------------------
[84, 82, 82, 82, 82, 72, 72, 72, 72,  1] -> [72] 0.055, [ 1] 0.042, [15] 0.034
[84] 0.02701 [82] 0.00964 [82] 0.01093 [82] 0.01736 [82] 0.01142 [72] 0.03176 [72] 0.01061 [72] 0.03463 [72] 0.03811 [ 1] 0.80852 
Shortcut: [(5, tensor(1, device='cuda:0')), (6, tensor(1, device='cuda:0')), (7, tensor(1, device='cuda:0')), (8, tensor(1, device='cuda:0')), (9, tensor(1, device='cuda:0'))] -> [(9, tensor(1, device='cuda:0'))]


Analyzing [1], Perturbations [7], Index [1], Changes [[(1, tensor(1, device='cuda:0')), (2, tensor(1, device='cuda:0')), (3, tensor(1, device='cuda:0')), (4, tensor(1, device='cuda:0')), (5, tensor(1, device='cuda:0')), (6, tensor(1, device='cuda:0')), (9, tensor(1, device='cuda:0'))]], Needed [2]
[58, 72, 72, 72, 72, 72, 72, 64, 64, 72] -> [72] 0.690, [64] 0.104, [57] 0.024
[58] 0.07584 [72] 0.02961 [72] 0.03558 [72] 0.04949 [72] 0.03115 [72] 0.06084 [72] 0.03617 [64] 0.06677 [64] 0.07958 [72] 0.53498 
----------------------------------------------------------------------------------------------------------------------------------
[58,  1,  1,  1,  1,  1,  1, 64, 64,  1] -> [ 1] 0.052, [64] 0.043, [15] 0.035
[58] 0.02653 [ 1] 0.00998 [ 1] 0.01095 [ 1] 0.01844 [ 1] 0.01227 [ 1] 0.03292 [ 1] 0.01206 [64] 0.04727 [64] 0.03924 [ 1] 0.79036 
----------------------------------------------------------------------------------------------------------------------------------
[58, 72, 72, 72, 72, 72, 72, 64, 64,  1] -> [72] 0.051, [64] 0.048, [ 1] 0.041
[58] 0.02835 [72] 0.01024 [72] 0.01169 [72] 0.01849 [72] 0.01204 [72] 0.03159 [72] 0.01165 [64] 0.03515 [64] 0.03473 [ 1] 0.80606 
Shortcut: [(2, tensor(1, device='cuda:0')), (3, tensor(1, device='cuda:0')), (4, tensor(1, device='cuda:0')), (5, tensor(1, device='cuda:0')), (6, tensor(1, device='cuda:0')), (9, tensor(1, device='cuda:0'))] -> [(9, tensor(1, device='cuda:0'))]


Analyzing [2], Perturbations [7], Index [2], Changes [[(1, tensor(0, device='cuda:0')), (2, tensor(0, device='cuda:0')), (3, tensor(0, device='cuda:0')), (4, tensor(0, device='cuda:0')), (6, tensor(0, device='cuda:0')), (8, tensor(0, device='cuda:0')), (9, tensor(0, device='cuda:0'))]], Needed [2]
[44, 72, 72, 72, 72, 44, 72, 44, 72, 72] -> [72] 0.783, [44] 0.050, [64] 0.017
[44] 0.07356 [72] 0.02926 [72] 0.03408 [72] 0.04854 [72] 0.03182 [44] 0.06425 [72] 0.03673 [44] 0.08291 [72] 0.10049 [72] 0.49836 
----------------------------------------------------------------------------------------------------------------------------------
[44,  0,  0,  0,  0, 44,  0, 44,  0,  0] -> [ 0] 0.774, [72] 0.026, [15] 0.018
[44] 0.01783 [ 0] 0.00666 [ 0] 0.00688 [ 0] 0.01186 [ 0] 0.00920 [44] 0.02898 [ 0] 0.00865 [44] 0.06638 [ 0] 0.04701 [ 0] 0.79655 
----------------------------------------------------------------------------------------------------------------------------------
[44, 72, 72, 72, 72, 44, 72, 44, 72,  0] -> [ 0] 0.702, [72] 0.045, [44] 0.020
[44] 0.02343 [72] 0.00836 [72] 0.00925 [72] 0.01453 [72] 0.01023 [44] 0.02984 [72] 0.00964 [44] 0.04076 [72] 0.03834 [ 0] 0.81562 
Shortcut: [(2, tensor(0, device='cuda:0')), (3, tensor(0, device='cuda:0')), (4, tensor(0, device='cuda:0')), (6, tensor(0, device='cuda:0')), (8, tensor(0, device='cuda:0')), (9, tensor(0, device='cuda:0'))] -> [(9, tensor(0, device='cuda:0'))]


Analyzing [3], Perturbations [8], Index [3], Changes [[(1, tensor(1, device='cuda:0')), (2, tensor(1, device='cuda:0')), (3, tensor(1, device='cuda:0')), (4, tensor(1, device='cuda:0')), (5, tensor(1, device='cuda:0')), (7, tensor(1, device='cuda:0')), (8, tensor(1, device='cuda:0')), (9, tensor(1, device='cuda:0'))]], Needed [2]
[89, 89, 89, 89, 89, 89, 24, 72, 72, 72] -> [72] 0.682, [64] 0.056, [57] 0.028
[89] 0.07107 [89] 0.02901 [89] 0.03341 [89] 0.04849 [89] 0.03160 [89] 0.06294 [24] 0.03756 [72] 0.08700 [72] 0.10644 [72] 0.49248 
----------------------------------------------------------------------------------------------------------------------------------
[89,  1,  1,  1,  1,  1, 24,  1,  1,  1] -> [ 1] 0.063, [15] 0.039, [17] 0.026
[89] 0.02448 [ 1] 0.00995 [ 1] 0.01029 [ 1] 0.01863 [ 1] 0.01313 [ 1] 0.03628 [24] 0.01404 [ 1] 0.07113 [ 1] 0.06250 [ 1] 0.73958 
----------------------------------------------------------------------------------------------------------------------------------
[89, 89, 89, 89, 89, 89, 24, 72, 72,  1] -> [72] 0.055, [ 1] 0.039, [64] 0.032
[89] 0.02766 [89] 0.01044 [89] 0.01142 [89] 0.01881 [89] 0.01269 [89] 0.03398 [24] 0.01255 [72] 0.04739 [72] 0.04819 [ 1] 0.77688 
Shortcut: [(2, tensor(1, device='cuda:0')), (3, tensor(1, device='cuda:0')), (4, tensor(1, device='cuda:0')), (5, tensor(1, device='cuda:0')), (7, tensor(1, device='cuda:0')), (8, tensor(1, device='cuda:0')), (9, tensor(1, device='cuda:0'))] -> [(9, tensor(1, device='cuda:0'))]


Analyzing [6], Perturbations [10], Index [4], Changes [[(0, tensor(0, device='cuda:0')), (1, tensor(64, device='cuda:0')), (2, tensor(2, device='cuda:0')), (3, tensor(64, device='cuda:0')), (4, tensor(64, device='cuda:0')), (5, tensor(64, device='cuda:0')), (6, tensor(2, device='cuda:0')), (7, tensor(2, device='cuda:0')), (8, tensor(2, device='cuda:0')), (9, tensor(2, device='cuda:0'))]], Needed [2]
[42, 42, 72, 42, 57, 57, 57, 57, 72, 57] -> [57] 0.445, [58] 0.321, [64] 0.057
[42] 0.04211 [42] 0.01607 [72] 0.01910 [42] 0.03063 [57] 0.02034 [57] 0.05225 [57] 0.02462 [57] 0.06266 [72] 0.07782 [57] 0.65439 
----------------------------------------------------------------------------------------------------------------------------------
[ 0, 64,  2, 64, 64, 64,  2,  2,  2,  2] -> [ 2] 0.851, [72] 0.013, [ 0] 0.013
[ 0] 0.01133 [64] 0.00363 [ 2] 0.00412 [64] 0.00713 [64] 0.00534 [64] 0.02028 [ 2] 0.00430 [ 2] 0.03313 [ 2] 0.02390 [ 2] 0.88684 
----------------------------------------------------------------------------------------------------------------------------------
[ 0, 42, 72, 42, 57, 57, 57, 57, 72, 57] -> [57] 0.433, [58] 0.331, [64] 0.058
[ 0] 0.04165 [42] 0.01585 [72] 0.01884 [42] 0.03028 [57] 0.02013 [57] 0.05200 [57] 0.02420 [57] 0.06287 [72] 0.07747 [57] 0.65672 
Shortcut: [(1, tensor(64, device='cuda:0')), (2, tensor(2, device='cuda:0')), (3, tensor(64, device='cuda:0')), (4, tensor(64, device='cuda:0')), (5, tensor(64, device='cuda:0')), (6, tensor(2, device='cuda:0')), (7, tensor(2, device='cuda:0')), (8, tensor(2, device='cuda:0')), (9, tensor(2, device='cuda:0'))] -> [(0, tensor(0, device='cuda:0'))]


Analyzing [7], Perturbations [10], Index [5], Changes [[(0, tensor(0, device='cuda:0')), (1, tensor(0, device='cuda:0')), (2, tensor(72, device='cuda:0')), (3, tensor(72, device='cuda:0')), (4, tensor(0, device='cuda:0')), (5, tensor(0, device='cuda:0')), (6, tensor(0, device='cuda:0')), (7, tensor(0, device='cuda:0')), (8, tensor(0, device='cuda:0')), (9, tensor(0, device='cuda:0'))]], Needed [2]
[21, 24, 24, 20, 21, 20, 21, 24, 24, 44] -> [72] 0.234, [44] 0.093, [24] 0.073
[21] 0.04705 [24] 0.02151 [24] 0.02286 [20] 0.03567 [21] 0.02545 [20] 0.05125 [21] 0.03949 [24] 0.13109 [24] 0.11786 [44] 0.50778 
----------------------------------------------------------------------------------------------------------------------------------
[ 0,  0, 72, 72,  0,  0,  0,  0,  0,  0] -> [ 0] 0.834, [72] 0.017, [15] 0.015
[ 0] 0.01815 [ 0] 0.00692 [72] 0.00713 [72] 0.01227 [ 0] 0.00960 [ 0] 0.02989 [ 0] 0.00928 [ 0] 0.06929 [ 0] 0.05278 [ 0] 0.78469 
----------------------------------------------------------------------------------------------------------------------------------
[ 0, 24, 24, 20, 21, 20, 21, 24, 24, 44] -> [72] 0.240, [44] 0.110, [20] 0.056
[ 0] 0.04662 [24] 0.02125 [24] 0.02259 [20] 0.03535 [21] 0.02522 [20] 0.05109 [21] 0.03888 [24] 0.13138 [24] 0.11747 [44] 0.51016 
Shortcut: [(1, tensor(0, device='cuda:0')), (2, tensor(72, device='cuda:0')), (3, tensor(72, device='cuda:0')), (4, tensor(0, device='cuda:0')), (5, tensor(0, device='cuda:0')), (6, tensor(0, device='cuda:0')), (7, tensor(0, device='cuda:0')), (8, tensor(0, device='cuda:0')), (9, tensor(0, device='cuda:0'))] -> [(0, tensor(0, device='cuda:0'))]


Analyzing [8], Perturbations [10], Index [6], Changes [[(0, tensor(1, device='cuda:0')), (1, tensor(1, device='cuda:0')), (2, tensor(1, device='cuda:0')), (3, tensor(1, device='cuda:0')), (4, tensor(1, device='cuda:0')), (5, tensor(1, device='cuda:0')), (6, tensor(1, device='cuda:0')), (7, tensor(1, device='cuda:0')), (8, tensor(1, device='cuda:0')), (9, tensor(1, device='cuda:0'))]], Needed [2]
[57, 64, 57, 64, 64, 64, 57, 57, 58, 57] -> [57] 0.394, [58] 0.366, [64] 0.126
[57] 0.03812 [64] 0.01422 [57] 0.01691 [64] 0.02780 [64] 0.01843 [64] 0.05197 [57] 0.02102 [57] 0.05957 [58] 0.06402 [57] 0.68794 
----------------------------------------------------------------------------------------------------------------------------------
[ 1,  1,  1,  1,  1,  1,  1,  1,  1,  1] -> [ 1] 0.067, [15] 0.042, [17] 0.028
[ 1] 0.02240 [ 1] 0.00890 [ 1] 0.00919 [ 1] 0.01696 [ 1] 0.01199 [ 1] 0.03485 [ 1] 0.01211 [ 1] 0.06937 [ 1] 0.05805 [ 1] 0.75618 
----------------------------------------------------------------------------------------------------------------------------------
[57, 64, 57, 64, 64, 64, 57, 57, 58,  1] -> [64] 0.064, [ 1] 0.038, [57] 0.035
[57] 0.02897 [64] 0.01085 [57] 0.01222 [64] 0.02064 [64] 0.01374 [64] 0.03970 [57] 0.01377 [57] 0.04666 [58] 0.04416 [ 1] 0.76929 
Shortcut: [(1, tensor(1, device='cuda:0')), (2, tensor(1, device='cuda:0')), (3, tensor(1, device='cuda:0')), (4, tensor(1, device='cuda:0')), (5, tensor(1, device='cuda:0')), (6, tensor(1, device='cuda:0')), (7, tensor(1, device='cuda:0')), (8, tensor(1, device='cuda:0')), (9, tensor(1, device='cuda:0'))] -> [(9, tensor(1, device='cuda:0'))]


Analyzing [11], Perturbations [10], Index [7], Changes [[(0, tensor(1, device='cuda:0')), (1, tensor(1, device='cuda:0')), (2, tensor(1, device='cuda:0')), (3, tensor(1, device='cuda:0')), (4, tensor(1, device='cuda:0')), (5, tensor(1, device='cuda:0')), (6, tensor(1, device='cuda:0')), (7, tensor(1, device='cuda:0')), (8, tensor(1, device='cuda:0')), (9, tensor(1, device='cuda:0'))]], Needed [2]
[ 2,  2, 72, 72, 40, 23, 40, 40, 40, 40] -> [40] 0.838, [23] 0.059, [72] 0.010
[ 2] 0.02298 [ 2] 0.00860 [72] 0.00943 [72] 0.01635 [40] 0.01222 [23] 0.03547 [40] 0.01275 [40] 0.07688 [40] 0.07339 [40] 0.73193 
----------------------------------------------------------------------------------------------------------------------------------
[ 1,  1,  1,  1,  1,  1,  1,  1,  1,  1] -> [ 1] 0.067, [15] 0.042, [17] 0.028
[ 1] 0.02240 [ 1] 0.00890 [ 1] 0.00919 [ 1] 0.01696 [ 1] 0.01199 [ 1] 0.03485 [ 1] 0.01211 [ 1] 0.06937 [ 1] 0.05805 [ 1] 0.75618 
----------------------------------------------------------------------------------------------------------------------------------
[ 2,  2, 72, 72, 40, 23, 40, 40, 40,  1] -> [ 1] 0.035, [40] 0.035, [72] 0.035
[ 2] 0.02532 [ 2] 0.01000 [72] 0.01062 [72] 0.01878 [40] 0.01375 [23] 0.03831 [40] 0.01460 [40] 0.08048 [40] 0.07581 [ 1] 0.71233 
Shortcut: [(1, tensor(1, device='cuda:0')), (2, tensor(1, device='cuda:0')), (3, tensor(1, device='cuda:0')), (4, tensor(1, device='cuda:0')), (5, tensor(1, device='cuda:0')), (6, tensor(1, device='cuda:0')), (7, tensor(1, device='cuda:0')), (8, tensor(1, device='cuda:0')), (9, tensor(1, device='cuda:0'))] -> [(9, tensor(1, device='cuda:0'))]


Analyzing [12], Perturbations [9], Index [8], Changes [[(0, tensor(0, device='cuda:0')), (1, tensor(0, device='cuda:0')), (2, tensor(72, device='cuda:0')), (3, tensor(72, device='cuda:0')), (4, tensor(0, device='cuda:0')), (5, tensor(0, device='cuda:0')), (6, tensor(0, device='cuda:0')), (7, tensor(0, device='cuda:0')), (9, tensor(0, device='cuda:0'))]], Needed [2]
[89, 89, 84, 64, 64, 64, 64, 64, 64, 64] -> [64] 0.822, [72] 0.028, [57] 0.018
[89] 0.07113 [89] 0.02762 [84] 0.03344 [64] 0.04815 [64] 0.03025 [64] 0.05763 [64] 0.03557 [64] 0.07610 [64] 0.06510 [64] 0.55502 
----------------------------------------------------------------------------------------------------------------------------------
[ 0,  0, 72, 72,  0,  0,  0,  0, 64,  0] -> [ 0] 0.792, [72] 0.022, [15] 0.017
[ 0] 0.02219 [ 0] 0.00830 [72] 0.00890 [72] 0.01473 [ 0] 0.01080 [ 0] 0.03107 [ 0] 0.01053 [ 0] 0.05808 [64] 0.04456 [ 0] 0.79086 
----------------------------------------------------------------------------------------------------------------------------------
[89, 89, 84, 64, 64, 64, 64, 64, 64,  0] -> [ 0] 0.692, [72] 0.031, [15] 0.021
[89] 0.02199 [89] 0.00776 [84] 0.00875 [64] 0.01352 [64] 0.00921 [64] 0.02590 [64] 0.00876 [64] 0.03219 [64] 0.02643 [ 0] 0.84548 
Shortcut: [(1, tensor(0, device='cuda:0')), (2, tensor(72, device='cuda:0')), (3, tensor(72, device='cuda:0')), (4, tensor(0, device='cuda:0')), (5, tensor(0, device='cuda:0')), (6, tensor(0, device='cuda:0')), (7, tensor(0, device='cuda:0')), (9, tensor(0, device='cuda:0'))] -> [(9, tensor(0, device='cuda:0'))]


Analyzing [13], Perturbations [9], Index [9], Changes [[(0, tensor(0, device='cuda:0')), (1, tensor(0, device='cuda:0')), (2, tensor(0, device='cuda:0')), (3, tensor(0, device='cuda:0')), (4, tensor(0, device='cuda:0')), (5, tensor(0, device='cuda:0')), (6, tensor(87, device='cuda:0')), (8, tensor(0, device='cuda:0')), (9, tensor(0, device='cuda:0'))]], Needed [2]
[72, 42, 72, 72, 86, 87, 86, 87, 66, 66] -> [66] 0.709, [86] 0.084, [72] 0.048
[72] 0.01577 [42] 0.00603 [72] 0.00616 [72] 0.01170 [86] 0.00846 [87] 0.03214 [86] 0.00778 [87] 0.06205 [66] 0.04122 [66] 0.80869 
----------------------------------------------------------------------------------------------------------------------------------
[ 0,  0,  0,  0,  0,  0, 87, 87,  0,  0] -> [ 0] 0.759, [72] 0.020, [15] 0.019
[ 0] 0.02275 [ 0] 0.00964 [ 0] 0.00992 [ 0] 0.01732 [ 0] 0.01341 [ 0] 0.03920 [87] 0.01487 [87] 0.08544 [ 0] 0.10179 [ 0] 0.68564 
----------------------------------------------------------------------------------------------------------------------------------
[ 0, 42, 72, 72, 86, 87, 86, 87, 66, 66] -> [66] 0.707, [86] 0.085, [72] 0.046
[ 0] 0.01565 [42] 0.00598 [72] 0.00610 [72] 0.01161 [86] 0.00841 [87] 0.03202 [86] 0.00770 [87] 0.06212 [66] 0.04104 [66] 0.80937 
Shortcut: [(1, tensor(0, device='cuda:0')), (2, tensor(0, device='cuda:0')), (3, tensor(0, device='cuda:0')), (4, tensor(0, device='cuda:0')), (5, tensor(0, device='cuda:0')), (6, tensor(87, device='cuda:0')), (8, tensor(0, device='cuda:0')), (9, tensor(0, device='cuda:0'))] -> [(0, tensor(0, device='cuda:0'))]


Analyzing [16], Perturbations [10], Index [10], Changes [[(0, tensor(0, device='cuda:0')), (1, tensor(0, device='cuda:0')), (2, tensor(0, device='cuda:0')), (3, tensor(0, device='cuda:0')), (4, tensor(0, device='cuda:0')), (5, tensor(0, device='cuda:0')), (6, tensor(0, device='cuda:0')), (7, tensor(0, device='cuda:0')), (8, tensor(0, device='cuda:0')), (9, tensor(0, device='cuda:0'))]], Needed [2]
[42, 22, 42, 42, 42, 42, 42, 72, 42, 22] -> [22] 0.686, [42] 0.127, [72] 0.090
[42] 0.03742 [22] 0.01513 [42] 0.01793 [42] 0.02636 [42] 0.01764 [42] 0.04217 [42] 0.02571 [72] 0.05393 [42] 0.07266 [22] 0.69105 
----------------------------------------------------------------------------------------------------------------------------------
[ 0,  0,  0,  0,  0,  0,  0,  0,  0,  0] -> [ 0] 0.846, [72] 0.015, [15] 0.014
[ 0] 0.01763 [ 0] 0.00672 [ 0] 0.00689 [ 0] 0.01196 [ 0] 0.00941 [ 0] 0.02955 [ 0] 0.00899 [ 0] 0.07102 [ 0] 0.05223 [ 0] 0.78560 
----------------------------------------------------------------------------------------------------------------------------------
[ 0, 22, 42, 42, 42, 42, 42, 72, 42, 22] -> [22] 0.674, [42] 0.120, [72] 0.097
[ 0] 0.03700 [22] 0.01493 [42] 0.01767 [42] 0.02606 [42] 0.01745 [42] 0.04196 [42] 0.02527 [72] 0.05408 [42] 0.07234 [22] 0.69323 
Shortcut: [(1, tensor(0, device='cuda:0')), (2, tensor(0, device='cuda:0')), (3, tensor(0, device='cuda:0')), (4, tensor(0, device='cuda:0')), (5, tensor(0, device='cuda:0')), (6, tensor(0, device='cuda:0')), (7, tensor(0, device='cuda:0')), (8, tensor(0, device='cuda:0')), (9, tensor(0, device='cuda:0'))] -> [(0, tensor(0, device='cuda:0'))]


Analyzing [17], Perturbations [10], Index [11], Changes [[(0, tensor(0, device='cuda:0')), (1, tensor(0, device='cuda:0')), (2, tensor(0, device='cuda:0')), (3, tensor(64, device='cuda:0')), (4, tensor(64, device='cuda:0')), (5, tensor(42, device='cuda:0')), (6, tensor(42, device='cuda:0')), (7, tensor(0, device='cuda:0')), (8, tensor(0, device='cuda:0')), (9, tensor(0, device='cuda:0'))]], Needed [2]
[64, 64, 64, 56, 56, 64, 64, 56, 56, 64] -> [64] 0.821, [57] 0.022, [72] 0.019
[64] 0.06148 [64] 0.02494 [64] 0.02867 [56] 0.04372 [56] 0.02963 [64] 0.06070 [64] 0.03777 [56] 0.11524 [56] 0.09953 [64] 0.49831 
----------------------------------------------------------------------------------------------------------------------------------
[ 0,  0,  0, 64, 64, 42, 42,  0,  0,  0] -> [ 0] 0.798, [72] 0.020, [15] 0.017
[ 0] 0.02017 [ 0] 0.00774 [ 0] 0.00819 [64] 0.01356 [64] 0.01030 [42] 0.03105 [42] 0.01064 [ 0] 0.06056 [ 0] 0.05101 [ 0] 0.78678 
----------------------------------------------------------------------------------------------------------------------------------
[64, 64, 64, 56, 56, 64, 64, 56, 56,  0] -> [ 0] 0.652, [72] 0.034, [15] 0.021
[64] 0.02084 [64] 0.00767 [64] 0.00825 [56] 0.01346 [56] 0.00987 [64] 0.02964 [64] 0.01016 [56] 0.05274 [56] 0.04392 [ 0] 0.80345 
Shortcut: [(1, tensor(0, device='cuda:0')), (2, tensor(0, device='cuda:0')), (3, tensor(64, device='cuda:0')), (4, tensor(64, device='cuda:0')), (5, tensor(42, device='cuda:0')), (6, tensor(42, device='cuda:0')), (7, tensor(0, device='cuda:0')), (8, tensor(0, device='cuda:0')), (9, tensor(0, device='cuda:0'))] -> [(9, tensor(0, device='cuda:0'))]


Analyzing [19], Perturbations [10], Index [12], Changes [[(0, tensor(64, device='cuda:0')), (1, tensor(64, device='cuda:0')), (2, tensor(64, device='cuda:0')), (3, tensor(64, device='cuda:0')), (4, tensor(64, device='cuda:0')), (5, tensor(86, device='cuda:0')), (6, tensor(7, device='cuda:0')), (7, tensor(86, device='cuda:0')), (8, tensor(6, device='cuda:0')), (9, tensor(6, device='cuda:0'))]], Needed [2]
[79, 81, 72, 72, 54, 53, 62, 59, 64, 57] -> [57] 0.361, [58] 0.306, [64] 0.113
[79] 0.03699 [81] 0.01403 [72] 0.01625 [72] 0.02681 [54] 0.01825 [53] 0.04759 [62] 0.02131 [59] 0.07397 [64] 0.07171 [57] 0.67310 
----------------------------------------------------------------------------------------------------------------------------------
[64, 64, 64, 64, 64, 86,  7, 86,  6,  6] -> [64] 0.069, [72] 0.058, [57] 0.054
[64] 0.02682 [64] 0.01091 [64] 0.01190 [64] 0.02002 [64] 0.01517 [86] 0.04067 [ 7] 0.01618 [86] 0.07835 [ 6] 0.08434 [ 6] 0.69565 
----------------------------------------------------------------------------------------------------------------------------------
[79, 81, 72, 72, 54, 53, 62, 59, 64,  6] -> [72] 0.077, [64] 0.073, [57] 0.067
[79] 0.02947 [81] 0.01112 [72] 0.01260 [72] 0.02045 [54] 0.01458 [53] 0.03787 [62] 0.01507 [59] 0.06435 [64] 0.05177 [ 6] 0.74273 
Shortcut: [(1, tensor(64, device='cuda:0')), (2, tensor(64, device='cuda:0')), (3, tensor(64, device='cuda:0')), (4, tensor(64, device='cuda:0')), (5, tensor(86, device='cuda:0')), (6, tensor(7, device='cuda:0')), (7, tensor(86, device='cuda:0')), (8, tensor(6, device='cuda:0')), (9, tensor(6, device='cuda:0'))] -> [(9, tensor(6, device='cuda:0'))]


Analyzing [20], Perturbations [10], Index [13], Changes [[(0, tensor(83, device='cuda:0')), (1, tensor(83, device='cuda:0')), (2, tensor(83, device='cuda:0')), (3, tensor(83, device='cuda:0')), (4, tensor(83, device='cuda:0')), (5, tensor(83, device='cuda:0')), (6, tensor(83, device='cuda:0')), (7, tensor(83, device='cuda:0')), (8, tensor(0, device='cuda:0')), (9, tensor(0, device='cuda:0'))]], Needed [2]
[ 2,  2,  2,  2,  2, 86, 87, 87, 86, 66] -> [66] 0.665, [86] 0.103, [87] 0.045
[ 2] 0.01831 [ 2] 0.00758 [ 2] 0.00772 [ 2] 0.01483 [ 2] 0.01088 [86] 0.03835 [87] 0.01092 [87] 0.07390 [86] 0.08561 [66] 0.73190 
----------------------------------------------------------------------------------------------------------------------------------
[83, 83, 83, 83, 83, 83, 83, 83,  0,  0] -> [ 0] 0.707, [72] 0.034, [10] 0.017
[83] 0.01841 [83] 0.00708 [83] 0.00737 [83] 0.01288 [83] 0.00984 [83] 0.03024 [83] 0.00998 [83] 0.06807 [ 0] 0.05556 [ 0] 0.78056 
----------------------------------------------------------------------------------------------------------------------------------
[ 2,  2,  2,  2,  2, 86, 87, 87, 86,  0] -> [ 0] 0.413, [87] 0.092, [86] 0.071
[ 2] 0.02268 [ 2] 0.00999 [ 2] 0.01030 [ 2] 0.01869 [ 2] 0.01415 [86] 0.04232 [87] 0.01592 [87] 0.08114 [86] 0.14899 [ 0] 0.63584 
Shortcut: [(1, tensor(83, device='cuda:0')), (2, tensor(83, device='cuda:0')), (3, tensor(83, device='cuda:0')), (4, tensor(83, device='cuda:0')), (5, tensor(83, device='cuda:0')), (6, tensor(83, device='cuda:0')), (7, tensor(83, device='cuda:0')), (8, tensor(0, device='cuda:0')), (9, tensor(0, device='cuda:0'))] -> [(9, tensor(0, device='cuda:0'))]


Analyzing [21], Perturbations [10], Index [14], Changes [[(0, tensor(10, device='cuda:0')), (1, tensor(4, device='cuda:0')), (2, tensor(87, device='cuda:0')), (3, tensor(4, device='cuda:0')), (4, tensor(87, device='cuda:0')), (5, tensor(4, device='cuda:0')), (6, tensor(4, device='cuda:0')), (7, tensor(86, device='cuda:0')), (8, tensor(87, device='cuda:0')), (9, tensor(4, device='cuda:0'))]], Needed [2]
[64, 64, 64, 64, 64, 64, 64, 64, 64, 18] -> [18] 0.309, [72] 0.081, [64] 0.052
[64] 0.02410 [64] 0.00861 [64] 0.00997 [64] 0.01531 [64] 0.00989 [64] 0.02723 [64] 0.00994 [64] 0.03165 [64] 0.02731 [18] 0.83599 
----------------------------------------------------------------------------------------------------------------------------------
[10,  4, 87,  4, 87,  4,  4, 86, 87,  4] -> [86] 0.178, [87] 0.090, [66] 0.066
[10] 0.03012 [ 4] 0.01388 [87] 0.01510 [ 4] 0.02522 [87] 0.01912 [ 4] 0.04946 [ 4] 0.02370 [86] 0.08819 [87] 0.17058 [ 4] 0.56464 
----------------------------------------------------------------------------------------------------------------------------------
[10, 64, 64, 64, 64, 64, 64, 64, 64, 18] -> [18] 0.325, [72] 0.076, [64] 0.041
[10] 0.02403 [64] 0.00859 [64] 0.00994 [64] 0.01528 [64] 0.00987 [64] 0.02722 [64] 0.00992 [64] 0.03174 [64] 0.02730 [18] 0.83613 
Shortcut: [(1, tensor(4, device='cuda:0')), (2, tensor(87, device='cuda:0')), (3, tensor(4, device='cuda:0')), (4, tensor(87, device='cuda:0')), (5, tensor(4, device='cuda:0')), (6, tensor(4, device='cuda:0')), (7, tensor(86, device='cuda:0')), (8, tensor(87, device='cuda:0')), (9, tensor(4, device='cuda:0'))] -> [(0, tensor(10, device='cuda:0'))]


Analyzing [22], Perturbations [10], Index [15], Changes [[(0, tensor(1, device='cuda:0')), (1, tensor(1, device='cuda:0')), (2, tensor(1, device='cuda:0')), (3, tensor(1, device='cuda:0')), (4, tensor(1, device='cuda:0')), (5, tensor(1, device='cuda:0')), (6, tensor(1, device='cuda:0')), (7, tensor(1, device='cuda:0')), (8, tensor(1, device='cuda:0')), (9, tensor(1, device='cuda:0'))]], Needed [2]
[42, 42, 42, 42, 42, 42, 42, 42,  2,  2] -> [ 2] 0.798, [72] 0.021, [ 0] 0.014
[42] 0.01666 [42] 0.00578 [42] 0.00679 [42] 0.01099 [42] 0.00796 [42] 0.02621 [42] 0.00783 [42] 0.03543 [ 2] 0.03221 [ 2] 0.85016 
----------------------------------------------------------------------------------------------------------------------------------
[ 1,  1,  1,  1,  1,  1,  1,  1,  1,  1] -> [ 1] 0.067, [15] 0.042, [17] 0.028
[ 1] 0.02240 [ 1] 0.00890 [ 1] 0.00919 [ 1] 0.01696 [ 1] 0.01199 [ 1] 0.03485 [ 1] 0.01211 [ 1] 0.06937 [ 1] 0.05805 [ 1] 0.75618 
----------------------------------------------------------------------------------------------------------------------------------
[42, 42, 42, 42, 42, 42, 42, 42,  2,  1] -> [72] 0.043, [ 1] 0.042, [15] 0.039
[42] 0.02627 [42] 0.01020 [42] 0.01140 [42] 0.01889 [42] 0.01336 [42] 0.03726 [42] 0.01481 [42] 0.05588 [ 2] 0.05583 [ 1] 0.75609 
Shortcut: [(1, tensor(1, device='cuda:0')), (2, tensor(1, device='cuda:0')), (3, tensor(1, device='cuda:0')), (4, tensor(1, device='cuda:0')), (5, tensor(1, device='cuda:0')), (6, tensor(1, device='cuda:0')), (7, tensor(1, device='cuda:0')), (8, tensor(1, device='cuda:0')), (9, tensor(1, device='cuda:0'))] -> [(9, tensor(1, device='cuda:0'))]


Analyzing [23], Perturbations [10], Index [16], Changes [[(0, tensor(83, device='cuda:0')), (1, tensor(72, device='cuda:0')), (2, tensor(72, device='cuda:0')), (3, tensor(72, device='cuda:0')), (4, tensor(72, device='cuda:0')), (5, tensor(5, device='cuda:0')), (6, tensor(5, device='cuda:0')), (7, tensor(5, device='cuda:0')), (8, tensor(72, device='cuda:0')), (9, tensor(5, device='cuda:0'))]], Needed [2]
[89, 89, 89, 23, 40, 40, 23, 40, 40, 40] -> [40] 0.848, [23] 0.059, [72] 0.008
[89] 0.02229 [89] 0.00836 [89] 0.00912 [23] 0.01593 [40] 0.01198 [40] 0.03497 [23] 0.01246 [40] 0.07901 [40] 0.07324 [40] 0.73263 
----------------------------------------------------------------------------------------------------------------------------------
[83, 72, 72, 72, 72,  5,  5,  5, 72,  5] -> [72] 0.156, [64] 0.042, [86] 0.038
[83] 0.03111 [72] 0.01196 [72] 0.01357 [72] 0.02179 [72] 0.01466 [ 5] 0.03896 [ 5] 0.01544 [ 5] 0.05962 [72] 0.05995 [ 5] 0.73294 
----------------------------------------------------------------------------------------------------------------------------------
[89, 89, 89, 23, 40, 40, 23, 40, 40,  5] -> [40] 0.082, [72] 0.074, [64] 0.034
[89] 0.02686 [89] 0.01066 [89] 0.01165 [23] 0.02004 [40] 0.01472 [40] 0.04026 [23] 0.01626 [40] 0.09425 [40] 0.08531 [ 5] 0.67999 
Shortcut: [(1, tensor(72, device='cuda:0')), (2, tensor(72, device='cuda:0')), (3, tensor(72, device='cuda:0')), (4, tensor(72, device='cuda:0')), (5, tensor(5, device='cuda:0')), (6, tensor(5, device='cuda:0')), (7, tensor(5, device='cuda:0')), (8, tensor(72, device='cuda:0')), (9, tensor(5, device='cuda:0'))] -> [(9, tensor(5, device='cuda:0'))]


Analyzing [24], Perturbations [9], Index [17], Changes [[(0, tensor(1, device='cuda:0')), (1, tensor(57, device='cuda:0')), (3, tensor(1, device='cuda:0')), (4, tensor(1, device='cuda:0')), (5, tensor(24, device='cuda:0')), (6, tensor(1, device='cuda:0')), (7, tensor(1, device='cuda:0')), (8, tensor(1, device='cuda:0')), (9, tensor(1, device='cuda:0'))]], Needed [2]
[58, 58, 57, 64, 64, 42, 42, 57, 57, 58] -> [58] 0.371, [57] 0.332, [64] 0.119
[58] 0.05983 [58] 0.02501 [57] 0.02978 [64] 0.04759 [64] 0.03143 [42] 0.07614 [42] 0.04027 [57] 0.09721 [57] 0.10508 [58] 0.48767 
----------------------------------------------------------------------------------------------------------------------------------
[ 1, 57, 57,  1,  1, 24,  1,  1,  1,  1] -> [ 1] 0.060, [15] 0.038, [17] 0.025
[ 1] 0.02416 [57] 0.00973 [57] 0.01010 [ 1] 0.01830 [ 1] 0.01288 [24] 0.03598 [ 1] 0.01355 [ 1] 0.06863 [ 1] 0.06018 [ 1] 0.74650 
----------------------------------------------------------------------------------------------------------------------------------
[58, 58, 57, 64, 64, 42, 42, 57, 57,  1] -> [57] 0.049, [64] 0.046, [72] 0.039
[58] 0.02985 [58] 0.01162 [57] 0.01306 [64] 0.02223 [64] 0.01528 [42] 0.04198 [42] 0.01744 [57] 0.06121 [57] 0.06456 [ 1] 0.72277 
Shortcut: [(1, tensor(57, device='cuda:0')), (3, tensor(1, device='cuda:0')), (4, tensor(1, device='cuda:0')), (5, tensor(24, device='cuda:0')), (6, tensor(1, device='cuda:0')), (7, tensor(1, device='cuda:0')), (8, tensor(1, device='cuda:0')), (9, tensor(1, device='cuda:0'))] -> [(9, tensor(1, device='cuda:0'))]


Analyzing [25], Perturbations [10], Index [18], Changes [[(0, tensor(64, device='cuda:0')), (1, tensor(64, device='cuda:0')), (2, tensor(64, device='cuda:0')), (3, tensor(64, device='cuda:0')), (4, tensor(64, device='cuda:0')), (5, tensor(64, device='cuda:0')), (6, tensor(64, device='cuda:0')), (7, tensor(4, device='cuda:0')), (8, tensor(4, device='cuda:0')), (9, tensor(6, device='cuda:0'))]], Needed [2]
[57, 57, 58, 58, 42, 42, 42, 42, 72, 72] -> [72] 0.532, [42] 0.099, [57] 0.069
[57] 0.07777 [57] 0.03222 [58] 0.03847 [58] 0.05412 [42] 0.03491 [42] 0.06831 [42] 0.04533 [42] 0.08219 [72] 0.10952 [72] 0.45715 
----------------------------------------------------------------------------------------------------------------------------------
[64, 64, 64, 64, 64, 64, 64,  4,  4,  6] -> [64] 0.130, [57] 0.069, [72] 0.066
[64] 0.02730 [64] 0.01054 [64] 0.01197 [64] 0.01865 [64] 0.01383 [64] 0.03653 [64] 0.01461 [ 4] 0.06079 [ 4] 0.05435 [ 6] 0.75143 
----------------------------------------------------------------------------------------------------------------------------------
[64, 57, 58, 58, 42, 42, 42, 42, 72, 72] -> [72] 0.556, [42] 0.082, [64] 0.058
[64] 0.07793 [57] 0.03232 [58] 0.03857 [58] 0.05421 [42] 0.03498 [42] 0.06834 [42] 0.04551 [42] 0.08226 [72] 0.10981 [72] 0.45606 
Shortcut: [(1, tensor(64, device='cuda:0')), (2, tensor(64, device='cuda:0')), (3, tensor(64, device='cuda:0')), (4, tensor(64, device='cuda:0')), (5, tensor(64, device='cuda:0')), (6, tensor(64, device='cuda:0')), (7, tensor(4, device='cuda:0')), (8, tensor(4, device='cuda:0')), (9, tensor(6, device='cuda:0'))] -> [(0, tensor(64, device='cuda:0'))]


Analyzing [26], Perturbations [10], Index [19], Changes [[(0, tensor(57, device='cuda:0')), (1, tensor(57, device='cuda:0')), (2, tensor(57, device='cuda:0')), (3, tensor(58, device='cuda:0')), (4, tensor(1, device='cuda:0')), (5, tensor(58, device='cuda:0')), (6, tensor(4, device='cuda:0')), (7, tensor(3, device='cuda:0')), (8, tensor(4, device='cuda:0')), (9, tensor(1, device='cuda:0'))]], Needed [2]
[64, 64, 64, 64, 64, 86, 87, 86, 87, 87] -> [86] 0.623, [66] 0.140, [87] 0.136
[64] 0.02135 [64] 0.01077 [64] 0.01156 [64] 0.02050 [64] 0.01541 [86] 0.04235 [87] 0.02005 [86] 0.05549 [87] 0.30027 [87] 0.50226 
----------------------------------------------------------------------------------------------------------------------------------
[57, 57, 57, 58,  1, 58,  4,  3,  4,  1] -> [ 1] 0.046, [15] 0.032, [72] 0.028
[57] 0.02207 [57] 0.00837 [57] 0.00906 [58] 0.01580 [ 1] 0.01137 [58] 0.03408 [ 4] 0.01108 [ 3] 0.06113 [ 4] 0.05254 [ 1] 0.77451 
----------------------------------------------------------------------------------------------------------------------------------
[64, 64, 64, 64, 64, 86, 87, 86, 87,  1] -> [86] 0.128, [87] 0.090, [66] 0.039
[64] 0.02951 [64] 0.01383 [64] 0.01451 [64] 0.02596 [64] 0.01890 [86] 0.04884 [87] 0.02366 [86] 0.08207 [87] 0.18836 [ 1] 0.55435 
Shortcut: [(1, tensor(57, device='cuda:0')), (2, tensor(57, device='cuda:0')), (3, tensor(58, device='cuda:0')), (4, tensor(1, device='cuda:0')), (5, tensor(58, device='cuda:0')), (6, tensor(4, device='cuda:0')), (7, tensor(3, device='cuda:0')), (8, tensor(4, device='cuda:0')), (9, tensor(1, device='cuda:0'))] -> [(9, tensor(1, device='cuda:0'))]


same=0 shortcuts=20 skipped=0