Analyzing [6], Perturbations [6], Index [0], Changes [6], Needed [1]
[57, 64, 57, 64, 64, 64, 57, 57, 58, 57] -> [57] 0.394, [58] 0.366, [64] 0.126
[57] 0.03812 [64] 0.01422 [57] 0.01691 [64] 0.02780 [64] 0.01843 [64] 0.05197 [57] 0.02102 [57] 0.05957 [58] 0.06402 [57] 0.68794 
----------------------------------------------------------------------------------------------------------------------------------
[ 0, 64,  2, 64, 64, 64,  2,  2,  2,  2] -> [ 2] 0.851, [72] 0.013, [ 0] 0.013
[ 0] 0.01133 [64] 0.00363 [ 2] 0.00412 [64] 0.00713 [64] 0.00534 [64] 0.02028 [ 2] 0.00430 [ 2] 0.03313 [ 2] 0.02390 [ 2] 0.88684 
----------------------------------------------------------------------------------------------------------------------------------
[57, 64, 57, 64, 64, 64, 57, 57, 58,  2] -> [ 2] 0.776, [72] 0.021, [ 0] 0.014
[57] 0.01859 [64] 0.00624 [57] 0.00739 [64] 0.01219 [64] 0.00834 [64] 0.02831 [57] 0.00750 [57] 0.03048 [58] 0.02615 [ 2] 0.85481 
Shortcut: [(0, 0), (2, 2), (6, 2), (7, 2), (8, 2), (9, 2)] -> [(9, 2)]


same=0 shortcuts=1 skipped=0