Analyzing [2], Perturbations [10], Index [0], Changes [10], Needed [1]
[84, 82, 82, 82, 82, 72, 72, 72, 72, 72] -> [72] 0.738, [64] 0.029, [84] 0.021
[84] 0.07330 [82] 0.02832 [82] 0.03379 [82] 0.04724 [82] 0.03002 [72] 0.06199 [72] 0.03352 [72] 0.06688 [72] 0.08884 [72] 0.53611 
----------------------------------------------------------------------------------------------------------------------------------
[44,  0,  0,  0,  0, 44,  0, 44,  0,  0] -> [ 0] 0.774, [72] 0.026, [15] 0.018
[44] 0.01783 [ 0] 0.00666 [ 0] 0.00688 [ 0] 0.01186 [ 0] 0.00920 [44] 0.02898 [ 0] 0.00865 [44] 0.06638 [ 0] 0.04701 [ 0] 0.79655 
----------------------------------------------------------------------------------------------------------------------------------
[84, 82, 82, 82, 82, 72, 72, 72, 72,  0] -> [ 0] 0.722, [72] 0.037, [15] 0.019
[84] 0.02210 [82] 0.00765 [82] 0.00868 [82] 0.01339 [82] 0.00915 [72] 0.02732 [72] 0.00834 [72] 0.03122 [72] 0.03213 [ 0] 0.84003 
Shortcut: [(0, 44), (1, 0), (2, 0), (3, 0), (4, 0), (5, 44), (6, 0), (7, 44), (8, 0), (9, 0)] -> [(9, 0)]


Analyzing [3], Perturbations [10], Index [1], Changes [10], Needed [1]
[58, 72, 72, 72, 72, 72, 72, 64, 64, 72] -> [72] 0.690, [64] 0.104, [57] 0.024
[58] 0.07584 [72] 0.02961 [72] 0.03558 [72] 0.04949 [72] 0.03115 [72] 0.06084 [72] 0.03617 [64] 0.06677 [64] 0.07958 [72] 0.53498 
----------------------------------------------------------------------------------------------------------------------------------
[89,  1,  1,  1,  1,  1, 24,  1,  1,  1] -> [ 1] 0.063, [15] 0.039, [17] 0.026
[89] 0.02448 [ 1] 0.00995 [ 1] 0.01029 [ 1] 0.01863 [ 1] 0.01313 [ 1] 0.03628 [24] 0.01404 [ 1] 0.07113 [ 1] 0.06250 [ 1] 0.73958 
----------------------------------------------------------------------------------------------------------------------------------
[58, 72, 72, 72, 72, 72, 72, 64, 64,  1] -> [72] 0.051, [64] 0.048, [ 1] 0.041
[58] 0.02835 [72] 0.01024 [72] 0.01169 [72] 0.01849 [72] 0.01204 [72] 0.03159 [72] 0.01165 [64] 0.03515 [64] 0.03473 [ 1] 0.80606 
Shortcut: [(0, 89), (1, 1), (2, 1), (3, 1), (4, 1), (5, 1), (6, 24), (7, 1), (8, 1), (9, 1)] -> [(9, 1)]


Analyzing [6], Perturbations [10], Index [2], Changes [10], Needed [1]
[44, 72, 72, 72, 72, 44, 72, 44, 72, 72] -> [72] 0.783, [44] 0.050, [64] 0.017
[44] 0.07356 [72] 0.02926 [72] 0.03408 [72] 0.04854 [72] 0.03182 [44] 0.06425 [72] 0.03673 [44] 0.08291 [72] 0.10049 [72] 0.49836 
----------------------------------------------------------------------------------------------------------------------------------
[ 0, 64,  2, 64, 64, 64,  2,  2,  2,  2] -> [ 2] 0.851, [72] 0.013, [ 0] 0.013
[ 0] 0.01133 [64] 0.00363 [ 2] 0.00412 [64] 0.00713 [64] 0.00534 [64] 0.02028 [ 2] 0.00430 [ 2] 0.03313 [ 2] 0.02390 [ 2] 0.88684 
----------------------------------------------------------------------------------------------------------------------------------
[44, 72, 72, 72, 72, 44, 72, 44, 72,  2] -> [ 2] 0.805, [72] 0.027, [ 0] 0.014
[44] 0.01806 [72] 0.00595 [72] 0.00692 [72] 0.01093 [72] 0.00762 [44] 0.02433 [72] 0.00656 [44] 0.02891 [72] 0.02626 [ 2] 0.86445 
Shortcut: [(0, 0), (1, 64), (2, 2), (3, 64), (4, 64), (5, 64), (6, 2), (7, 2), (8, 2), (9, 2)] -> [(9, 2)]


same=0 shortcuts=3 skipped=0